100
42
11
1
2018
22328
58607
55706
77278
26815
95322
87473
97950
74487
3675
78910
40412
96343
17863
38809
30538
60652
60992
29361
73506
17652
56230
24614
19041
56088
64976
44869
19710
73031
79953
27450
93774
9
40305
92822
87606
22498
13340
8
26293
33327
99529
100000
21241
7
92737
57600
43098
31088
61073
10
4975
1230
34087
2601
85814
33748
87067
34273
6
95
67883
72667
2
98179
79940
4
92322
26939
64938
57505
63878
5
3
19283
6375
39875
75978
98299
29498
42783
32164
79918
17924
50549
7388
54775
99999
45019
79101
36068
38505
92912
18155
13928
77511
