100
1 1
540 600
840 900
2 0
900 1260
180 540
1 1
1439 1440
0 1
0 2
895 1440
245 300
2 0
1337 1425
1425 1440
0 2
908 1440
851 908
1 0
756 819
1 1
1000 1425
468 915
0 2
179 539
540 900
1 0
522 615
0 1
834 1359
0 2
541 901
180 540
1 1
1017 1384
1384 1440
2 0
1015 1215
1215 1440
0 1
988 1440
0 2
1080 1120
878 999
2 0
1108 1420
297 326
0 2
1381 1440
358 410
0 2
1019 1317
697 1019
0 1
1261 1440
0 2
1299 1440
384 552
2 0
1111 1440
986 1111
2 0
1181 1196
1161 1181
0 1
880 1440
0 1
186 358
2 0
10 360
1080 1430
2 0
696 999
133 213
0 2
787 1103
1103 1440
2 0
402 482
90 402
0 2
1189 1267
1267 1440
2 0
60 539
1309 1440
0 2
43 352
1261 1440
2 0
10 360
1079 1429
2 0
1305 1440
1112 1235
0 1
236 447
0 2
322 414
414 839
0 1
963 1440
1 1
454 603
767 816
0 2
1080 1440
0 360
0 1
1088 1440
0 2
821 954
370 802
0 2
801 866
181 801
0 2
270 424
424 794
0 2
1251 1440
1006 1251
2 0
50 157
157 705
2 0
1226 1440
283 669
0 1
904 1075
0 2
134 437
1153 1241
0 1
277 358
0 2
344 348
1151 1200
0 2
1207 1440
1196 1207
0 2
1080 1440
11 361
1 0
1434 1440
2 0
1120 1199
1199 1440
0 2
923 1026
1026 1440
0 1
1238 1440
0 2
180 540
540 900
0 1
721 1440
0 1
662 871
1 0
1113 1440
0 2
10 360
1080 1440
2 0
1080 1430
0 360
1 1
0 1
1439 1440
0 2
1276 1440
878 1276
2 0
196 258
1154 1440
2 0
1423 1440
352 484
2 0
950 1173
309 735
1 0
1309 1440
0 2
659 736
736 808
0 1
1350 1440
1 0
1248 1440
1 0
1264 1440
0 1
808 866
2 0
1439 1440
0 1
0 2
884 918
918 1440
0 2
1359 1440
606 1026
2 0
586 852
563 586
1 0
635 1281
0 2
870 968
794 870
0 1
913 1064
1 1
979 1440
796 979
1 1
29 270
580 1115
2 0
1055 1440
927 1055
2 0
0 360
1079 1429
1 0
762 1440
0 2
456 955
955 1166
0 2
605 1087
1261 1263
2 0
984 995
995 1180
2 0
11 361
1080 1430
0 2
1094 1440
911 1094
1 0
776 1243
1 0
1390 1440
1 0
170 499
2 0
1199 1440
812 1192
0 2
0 1
1439 1440
2 0
1140 1213
4 562
2 0
1324 1353
1353 1440
0 2
932 1031
1031 1440
1 0
896 1440
1 1
544 804
1047 1109
