5
5
5 6 8 4 3
3
9 8 7 6 5 4 4 4 3 2 1 4 4 4
3
6 33 3 4 4 5 56 7 2 3 4 5 6 66 6666 7 4 2
4
1 1 1 1 1 1 1 2 2 2 2 3 3 3 1 1 1 1 1 1 1
3
2 3 4 5 6 7 8 9 10 11 12 13 14 2 2 2 4 2 3 5 6 2 2 3 4 5 6 7 8 9 10 11 12 13 14 2 2 2 4 2 3 5 6 2 2 3 4 5 6 7 8 9 10 11 12 13 14 2 2 2 4 2 3 5 6 2 2 3 4 5 6 7 8 9 10 11 12 13 14 2 2 2 4 2 3 5 6 2 2 3 4 5 6 7 8 9 10 11 12 13 14 2 2 2 4 2 3 5 6 2 2 3 4 5 6 7 8 9 10 11 12 13 14 2 2 2 4 2 3 5 6 2 2 3 4 5 6 7 8 9 10 11 12 13 14 2 2 2 4 2 3 5 6 2 2 3 4 5 6 7 8 9 10 11 12 13 14 2 2 2 4 2 3 5 6 2 2 3 4 5 6 7 8 9 10 11 12 13 14 2 2 2 4 2 3 5 6 2 2 3 4 5 6 7 8 9 10 11 12 13 14 2 2 2 4 2 3 5 6 2 2 3 4 5 6 7 8 9 10 11 12 13 14 2 2 2 4 2 3 5 6 2 2 3 4 5 6 7 8 9 10 11 12 13 14 2 2 2 4 2 3 5 6 2 2 3 4 5 6 7 8 9 10 11 12 13 14 2 2 2 4 2 3 5 6 2 2 3 4 5 6 7 8 9 10 11 12 13 14 2 2 2 4 2 3 5 6 2 2 3 4 5 6 7 8 9 10 11 12 13 14 2 2 2 4 2 3 5 6 2 2 3 4 5 6 7 8 9 10 11 12 13 14 2 2 2 4 2 3 5 6 2 2 3 4 5 6 7 8 9 10 11 12 13 14 2 2 2 4 2 3 5 6 2 2 3 4 5 6 7 8 9 10 11 12 13 14 2 2 2 4 2 3 5 6 2 2 3 4 5 6 7 8 9 10 11 12 13 14 2 2 2 4 2 3 5 6 2 2 3 4 5 6 7 8 9 10 11 12 13 14 2 2 2 4 2 3 5 6 2 2 3 4 5 6 7 8 9 1011 1213 142 224256 2 2 1011 1213 142 224256 2 2 1011 1213 142 224256 2 2 1011 1213 142 224256 2 2 1011 1213 142 224256 2 2 1011 1213 142 224256 2 2 1011 1213 142 224256 2 2 1011 1213 142 224256 2 2 1011 1213 142 224256 2 2 1011 1213 142 224256 2 2 1011 1213 142 224256 2 2 1011 1213 142 224256 2 2 1011 1213 142 224256 2 2 1011 1213 142 224256 2 2 1011 1213 142 224256 2 2 1011 1213 142 224256 2 2 1011 1213 142 224256 2 2 1011 1213 142 224256 2 2 1011 1213 142 224256 2 2 1011 1213 142 224256 2 2 1011 1213 142 224256 2 2 1011 1213 142 224256 2 2 1011 1213 142 224256 2 2 1011 1213 142 224256 2 2 1011 1213 142 224256 2 2 1011 1213 142 224256 2 2 1011 1213 142 224256 2 2 1011 1213 142 224256 2 2 1011 1213 142 2242562 210111213 142224256 2 2 2242562 210111213 142224256 2 2 2242562 210111213 142224256 2 2 2242562 210111213 142224256 2 2 2242562 210111213 142224256 2 2 2242562 210111213 142224256 2 2 2242562 210111213 142224256 2 2 2242562 210111213 142224256 2 2 2242562 210111213 142224256 2 2 2242562 210111213 142224256 2 2 2242562 210111213 142224256 2 2 2242562 210111213 142224256 2 2 2242562 210111213 142224256 2 2 2242562 210111213 142224256 2 2 2242562 210111213 142224256 2 2 2242562 210111213 142224256 2 2 2242562 210111213 142224256 2 2 2242562 210111213 142224256 2 2 2242562 210111213 142224256 2 2 2242562 210111213 142224256 2 2 2242562 210111213 142224256 2 2 2242562 210111213 142224256 2 2 2242562 210111213 142224256 2 2 2242562 210111213 142224256 2 2 2242562 210111213 142224256 2 2 2242562 210111213 142224256 2 2 2242562 210111213 142224256 2 2 2242562 210111213 142224256 2 2 2242562 210111213 142224256 2 2 2242562 210111213 142224256 2 2 2242562 210111213 142224256 2 2 2242562 210111213 142224256 2 2 2242562 210111213 142224256 2 2 2242562 210111213 142224256 2 2 2242562 210111213 142224256 2 2 2242562 210111213 142224256 2 2 2242562 210111213 142224256 2 2 2242562 210111213 142224256 2 2 2242562 210111213 142224256 2 2 2242562 210111213 142224256 2 2 2242562 210111213 142224256 2 2 2242562 210111213 142224256 2 2 2242562 210111213 142224256 2 2 2242562 210111213 142224256 2 2 2242562 210111213 142224256 2 2 2242562 210111213 142224256 2 2 2242562 210111213 142224256 2 2 2242562 210111213 142224256 2 2 2242562 210111213 142224256 2 2 2242562 210111213 142224256 2 2 2242562 210111213 142224256 2 2 2242562 210111213 142224256 2 2 2242562 210111213 142224256 2 2 2242562 210111213 142224256 2 2 2242562 210111213 142224256 2 2 2242562 210111213 142224256 2 2 2242562 210111213 142224256 2 2 2242562 210111213 142224256 2 2 2242562 210111213 142224256 2 2 2242562 210111213 142224256 2 2 2242562 210111213 142224256 2 2 2242562 210111213 142224256 2 2 2242562 210111213 142224256 2 2 2242562 210111213 142224256 2 2 2242562 210111213 142224256 2 2 2242562 210111213 142224256 2 2