100
4 3 12
3 2 1
1 5 2
8 1 1
3 2 30
1 2 27
3 2 1
4 1 11
2 1 2
4 1 5
8 2 2
5 10 5000
14 27 31
27 11 44
30 8 20
2000 4000 3
7 3 449
12 3 1
4 2 7
72 2 116
186 55 2
156 3 73
314 133 2
10 23 521
122 5 26
45 15 2
152 20 4
50 10 157
322 12 13
363 15 7
428 15 1
440 22 3
273 15 4
2 107 1865
1003 4 53
9 4 23
3 4 1
4 2 2
2 4 2
4 5 1
12 3 1
13 3 1
5 5 1
9 4 4
16 9 495
6 7 7
9 29 1
41 7 1
26 9 2
37 7 12
54 60 1
116 8 1
117 3 3
121 3 179
137 77 4
372 3 10
105 12 8
35 3 7
136 3 46
486 5 9
16 336 2772
84 364 56
84 224 196
196 420 252
588 336 168
1092 168 112
448 420 28
1344 336 28
1372 280 56
1428 196 28
1148 308 28
1512 168 84
560 308 56
1904 336 140
2184 112 280
2492 112 252
9 5 544
2 5 275
216 2 50
336 2 1
116 3 2
340 3 93
506 4 2
481 3 23
541 5 3
7 34 2985
163 2 1
135 39 117
258 21 1
146 13 9
211 37 9
338 13 11
2 153 135
12 152 54
4 23 49
15 17 1
10 7 2
14 13 19
16 9 3908
54 4 2
54 4 9
165 2 5
174 9 6
171 10 5
117 10 1
173 8 34
176 42 2
150 7 8
262 83 2
351 2 3
354 9 87
166 91 1
350 4 5
541 7 6
8 39 846
106 5 89
170 36 92
355 10 28
158 68 13
458 21 236
426 125 3
809 13 37
14 17 867
12 16 3
1 16 70
72 28 4
68 13 87
177 45 289
360 144 21
74 65 2
645 10 53
657 119 2
42 15 3
542 70 6
968 2 37
1104 8 17
9 7 769
6 8 255
259 422 1
433 9 61
587 7 1
8 7 1
752 6 3
755 7 3
735 2 3
10 11 744
45 3 14
34 14 7
70 9 55
118 129 6
18 12 59
344 2 3
349 5 1
40 10 321
736 11 8
9 6 654
4 7 1
2 7 234
269 3 5
274 4 38
30 20 1
37 3 2
334 6 30
652 5 2
8 63 876
35 62 35
16 68 191
251 267 183
483 86 1
743 34 3
81 32 10
818 21 58
16 18 702
21 5 1
24 18 1
17 9 48
77 18 37
96 67 2
170 7 11
178 168 7
275 17 4
283 9 1
365 9 42
288 101 2
591 18 1
594 11 71
691 17 9
21 10 1
13 414 2392
92 460 92
460 184 46
506 368 138
644 92 92
736 92 46
920 276 138
1058 276 46
460 230 230
1426 92 92
368 230 92
1702 184 46
1380 414 322
10 21 81
2 21 1
3 7 1
4 13 4
5 6 1
1 20 5
26 18 2
16 6 7
22 14 17
55 8 8
6 168 3732
144 172 112
1132 144 36
1244 16 60
104 64 888
2116 1592 24
12 24 1031
174 2 8
191 17 68
276 3 15
66 19 2
110 27 2
255 12 120
414 431 14
873 20 36
241 83 8
1005 15 1
1008 15 23
16 13 326
22 3 1
17 3 1
13 11 1
25 11 96
158 12 1
159 12 3
164 5 58
163 52 5
57 2 4
176 6 5
263 10 2
294 5 5
304 2 3
310 5 10
320 8 6
7 235 3100
1130 15 125
1335 100 75
1455 50 115
2865 75 65
2930 15 50
1250 70 100
5 26 531
16 18 91
133 15 20
158 11 10
143 374 14
3 16 2171
12 15 5
2 19 9
13 21 3609
18 6 15
50 12 1
30 26 5
65 6 2
51 8 309
204 170 2
557 6 5
567 13 2
577 5 151
620 93 19
923 17 31
976 14 15
7 78 655
57 64 5
17 52 44
38 139 32
150 59 1
210 17 34
249 72 76
6 93 991
56 53 40
96 86 57
182 87 26
213 7 485
686 143 19
4 6 18
2 5 3
3 2 2
10 5 4
15 13 116
8 11 4
3 14 6
11 4 10
23 12 1
40 10 1
45 10 9
57 10 3
61 5 1
11 5 2
55 21 1
78 3 1
46 12 6
92 9 5
103 11 11
10 30 1071
5 30 278
180 93 83
278 39 27
186 41 6
438 23 92
617 267 8
197 24 31
954 14 82
367 46 14
2 44 2399
40 26 35
16 18 154
15 18 2
17 15 4
31 17 4
15 12 2
23 19 4
59 7 11
54 22 4
80 5 1
81 10 5
33 19 9
100 8 1
101 14 5
116 2 8
38 15 6
138 3 15
2 64 3307
434 5 64
16 6 43
3 7 1
2 1 1
7 2 2
9 4 3
8 6 2
12 2 3
20 6 3
7 4 1
11 1 2
8 3 2
28 5 2
30 3 1
17 5 1
33 5 1
28 5 1
9 51 915
25 46 44
32 39 249
667 14 4
675 50 66
818 43 1
820 41 22
367 27 3
721 21 47
9 50 3058
8 44 31
28 60 3
106 25 116
374 7 32
422 2 9
385 82 1
469 5 32
517 11 37
10 49 1108
288 5 21
229 52 62
160 112 94
708 36 12
742 25 12
597 5 12
774 15 8
499 24 175
512 110 46
9 28 124
7 26 2
18 28 1
3 2 3
21 15 14
33 20 14
72 8 13
91 27 1
76 16 23
8 30 2061
29 14 79
199 6 6
211 24 7
238 5 17
75 26 17
272 304 1
580 12 23
12 11 570
5 11 4
4 5 11
129 6 1
17 6 1
12 11 2
34 12 3
152 5 75
431 7 28
502 2 31
560 7 1
508 6 8
16 3 1092
2 3 1
1 2 1
1 4 2
7 3 79
83 537 1
622 2 69
485 34 1
453 4 1
726 2 2
395 3 2
730 3 2
117 3 141
1025 3 27
1060 2 26
605 4 3
16 34 1124
24 35 3
5 30 140
452 34 23
524 30 26
550 33 190
750 12 8
568 39 9
438 52 6
814 3 10
478 52 50
902 25 13
443 25 6
932 32 23
676 53 15
1019 32 14
3 93 3550
117 3 51
159 101 5
3 39 3359
6 39 19
35 19 14
12 33 961
6 34 15
13 8 14
39 20 187
266 27 5
290 9 201
286 58 7
525 19 158
475 37 13
607 37 18
767 27 2
777 17 18
4 36 474
25 24 2
7 22 462
711 33 20
14 5 1007
3 3 1
1 4 2
7 3 102
358 4 2
136 1 1
577 5 58
98 6 42
545 44 5
568 26 2
790 3 2
789 5 1
572 4 124
831 87 2
12 15 3165
123 6 6
69 12 6
135 6 594
384 84 519
987 162 3
429 24 588
360 90 9
669 6 141
2694 9 6
2700 9 333
3153 15 12
13 22 165
8 17 19
19 4 6
43 11 6
49 12 12
61 4 1
62 10 13
37 21 6
59 11 5
80 19 10
75 19 11
127 16 12
142 11 5
8 140 2520
56 140 588
1120 84 308
1484 112 56
308 140 28
784 168 28
1708 140 56
1792 112 140
10 13 410
2 13 168
204 7 18
235 6 44
71 39 1
167 10 74
139 60 2
441 5 2
208 11 2
460 4 12
16 13 115
4 10 8
14 13 1
16 10 2
18 13 1
22 7 12
34 2 9
24 11 6
46 6 1
50 13 6
69 3 1
59 11 6
80 6 1
15 11 4
90 3 9
75 9 8
5 42 1065
15 38 293
303 343 11
657 8 181
825 217 23
4 54 2905
50 53 107
433 48 5
474 15 39
16 18 136
10 13 10
6 18 3
14 15 5
23 21 1
34 12 1
47 13 2
19 15 2
51 10 10
68 15 1
73 7 8
90 2 3
20 13 1
101 15 3
106 18 8
116 2 18
7 20 683
7 15 129
118 152 6
131 15 7
101 12 26
318 304 3
665 18 18
11 39 1791
31 31 24
63 36 10
75 29 3
41 19 1
81 25 135
586 18 13
42 33 83
97 46 24
733 33 5
750 6 6
10 5 964
4 2 23
7 2 3
18 4 1
34 5 62
641 4 1
445 3 1
3 3 2
959 5 2
961 5 2
15 27 1548
36 15 39
69 27 6
108 27 24
27 15 114
252 24 297
606 21 3
609 21 9
624 9 6
633 24 141
1011 9 156
1209 9 15
24 6 12
1236 6 204
1533 15 15
12 29 628
24 13 5
2 29 40
50 57 5
76 8 18
220 29 1
67 22 2
101 11 161
205 45 5
441 4 1
142 15 4
450 6 8
3 74 1644
23 59 202
197 514 30
8 56 268
35 40 13
59 12 19
38 43 4
104 13 42
88 33 22
182 45 1
162 63 9
5 468 4950
1332 18 1539
1593 279 189
3402 198 207
3609 468 216
9 8 3028
7 9 3
10 5 2
16 2 119
263 8 2
264 8 7
170 102 60
432 84 2
520 6 7
13 11 75
5 8 1
2 10 2
14 4 1
6 10 6
14 10 7
33 4 3
25 11 2
19 12 2
47 6 1
49 2 2
53 2 3
53 6 11
6 60 703
39 25 38
38 51 369
234 204 14
666 47 6
134 39 23
15 323 2831
247 304 38
304 133 95
152 456 19
646 133 19
513 152 171
589 380 95
1235 209 38
1026 323 38
1064 494 76
1254 152 133
2014 76 57
2128 114 171
1178 418 19
2527 133 304
7 45 1100
24 41 20
50 15 2
35 15 18
97 5 721
1176 2 9
452 23 5
15 12 452
11 4 8
31 11 5
29 34 1
76 5 1
83 7 8
14 7 89
40 6 1
185 6 6
181 103 2
218 7 6
298 10 2
129 20 63
448 2 1
450 10 2
10 47 592
13 41 9
30 42 9
64 17 30
166 40 1
129 139 3
273 44 78
430 43 4
471 38 15
496 39 3
3 128 549
127 117 115
115 65 116
9 13 58
4 10 6
3 10 5
11 14 3
28 5 1
20 10 7
33 5 2
43 7 1
44 5 13
5 76 418
57 76 2
13 47 17
88 48 7
116 13 67
10 44 2089
1 44 67
71 9 3
65 31 5
103 15 18
87 56 17
122 63 98
266 568 14
853 12 8
829 160 20
4 71 4233
230 2 10
113 33 18
217 23 70
13 504 3045
252 399 21
189 462 63
525 294 21
1281 126 105
420 210 42
714 399 231
1806 483 21
1869 462 21
1890 63 21
672 567 63
2541 189 21
1176 462 399
4 103 269
100 26 23
143 11 17
126 58 85
13 16 743
13 6 46
105 7 1
115 11 4
87 16 3
46 13 236
373 16 1
40 8 27
224 173 1
572 6 2
578 10 25
721 2 2
730 14 13
5 57 4971
410 4 1
135 8 2
417 14 12
332 80 22
7 23 434
15 13 64
312 14 48
388 6 2
223 4 22
418 20 10
239 24 3
16 18 744
82 2 12
81 23 28
145 13 27
169 70 12
164 5 15
295 8 10
305 15 16
25 8 1
292 6 123
557 6 10
561 96 2
662 14 2
185 11 6
679 10 45
729 14 15
10 28 835
9 23 154
82 61 263
508 24 3
522 9 3
535 4 11
215 38 1
541 196 9
426 12 21
771 21 17
12 252 1737
153 171 36
9 261 9
288 198 72
270 144 126
387 243 72
621 234 117
981 216 27
1062 36 117
1188 135 162
666 189 63
1305 279 9
12 3 326
2 2 2
1 3 2
6 3 2
8 3 1
9 2 1
11 2 169
332 2 20
275 38 1
166 3 1
392 3 32
356 65 3
16 10 496
93 3 1
96 4 1
39 12 3
95 11 2
23 5 126
328 8 2
330 6 2
146 1 5
341 3 3
350 3 4
356 6 109
197 86 54
601 7 1
603 5 69
682 2 8
15 42 4431
7 49 203
196 560 42
1127 14 63
651 133 14
616 21 1771
3262 14 77
3430 28 7
2688 21 14
721 7 189
994 154 126
3983 21 7
2373 14 196
4361 35 7
1197 63 21
2 98 1131
561 4 83
6 62 999
47 36 79
90 155 18
217 75 225
915 46 1
917 3 47
9 24 1800
804 18 12
384 18 918
966 108 6
1842 24 12
1638 12 12
462 18 6
1428 30 18
1788 6 24
3 35 106
24 26 10
19 35 22
16 3 399
1 4 22
22 144 1
36 3 1
42 4 1
171 3 2
103 2 1
175 2 1
6 2 2
178 3 48
223 315 10
564 2 1
410 3 1
568 3 2
219 1 29
769 3 2
6 130 1326
78 114 382
414 298 78
740 186 14
1020 108 2
1052 114 60
12 4 534
3 2 1
6 2 1
4 2 31
37 187 13
234 134 1
365 4 22
416 3 50
471 3 1
181 3 18
517 4 1
530 4 4
5 77 2461
77 5 33
112 36 19
68 64 22
92 62 16
