100
42
11
1
2018
75901
85649
18828
21739
52047
95
2188
84313
25691
41605
809
91711
91371
77150
92846
17739
36361
61520
96509
28172
90590
18638
17970
9
88751
28760
37484
11661
8274
26393
87718
12433
49554
14747
87028
52835
100000
8492
2
97249
33960
5
38441
13152
89184
92490
44209
64568
41491
75713
97070
25242
4
1652
62992
13879
56277
65043
50729
3
8
25381
6124
99896
27850
88845
26524
29709
48574
63550
10
92412
6
56941
7
74178
46727
99999
84638
97713
92376
31781
55804
22013
99075
68649
81553
62213
65149
3594
86863
59446
20828
77705
97966
34703
