100
42
11
1
2018
46166
65064
35326
59114
100000
8
99519
73394
47987
39853
58285
58990
99754
9
53954
74539
34207
10
85840
85139
58582
1046
47932
93160
53171
43774
41056
71135
17724
95
79395
46061
90221
92922
39777
6
39368
86689
32273
25562
5016
88013
5
4
88678
86656
52354
83028
10530
25834
82576
2
65261
98688
4409
48169
26202
12926
42070
31577
79007
22949
13795
98586
99548
80352
26233
76864
47056
75921
1210
68892
3
12154
78506
87890
12276
55775
24406
42256
13773
75134
4453
97146
99999
64903
94625
70600
7
10263
9974
6337
94014
3822
39426
17885
