100
42
11
1
2018
75728
2673
69453
32815
86701
8968
55137
89336
78533
36474
82601
99999
57635
88212
35640
84731
97626
25818
75411
75843
75542
78095
63440
13240
67184
5
1767
17170
95783
89076
85922
8
86378
89457
61399
80256
2
20567
16858
91178
37756
95
42123
86972
92717
3
45015
53943
7
33527
47041
9
6899
31304
73656
51829
11995
56707
88685
34235
14297
67976
63325
93699
18693
67105
87884
33912
9834
88386
93814
59043
54538
10311
4
44808
78952
27286
27231
57990
38164
10
6
87972
63916
47214
36658
77516
30443
38658
93321
100000
16386
75789
55418
77787
