100
45
852429408 852429408 852429408 852429408 852429408 852429408 852429408 852429408 597025918 597025918 597025918 597025918 597025918 597025918 597025918 572087757 572087757 572087757 572087757 43468378 43468378 43468378 43468378 43468378 43468378 43468378 43468378 43468378 43468378 275634750 275634750 275634750 275634750 275634750 275634750 275634750 275634750 616268522 616268522 206475099 305810298 305810298 305810298 598365568 598365568
49
411372976 411372976 411372976 240718696 240718696 240718696 240718696 240718696 240718696 240718696 240718696 240718696 240718696 105671207 105671207 105671207 105671207 105671207 766742465 77619606 77619606 77619606 77619606 375769530 375769530 375769530 375769530 375769530 375769530 680216056 680216056 680216056 680216056 680216056 618657936 618657936 460365503 460365503 460365503 460365503 460365503 460365503 460365503 679222182 679222182 679222182 679222182 679222182 109561330
45
160648005 160648005 160648005 160648005 160648005 160648005 160648005 160648005 160648005 381482509 81938213 81938213 81938213 81938213 466471452 466471452 466471452 466471452 466471452 466471452 466471452 796248241 796248241 796248241 796248241 796248241 796248241 796248241 511309388 511309388 511309388 511309388 511309388 507354139 507354139 979574858 979574858 979574858 979574858 979574858 979574858 979574858 979574858 979574858 994555799
50
87872872 87872872 87872872 309288192 309288192 309288192 309288192 843645927 90748415 90748415 90748415 84286177 84286177 84286177 84286177 84286177 84286177 84286177 84286177 84286177 247243329 247243329 247243329 247243329 247243329 247243329 244293673 244293673 244293673 841401542 437943506 437943506 437943506 779040931 958061169 958061169 91487380 91487380 270492555 270492555 270492555 270492555 270492555 270492555 926284102 926284102 926284102 926284102 926284102 459944416
40
169325860 169325860 169325860 169325860 169325860 469553873 9294342 9294342 9294342 9294342 137544730 137544730 137544730 137544730 137544730 951875971 951875971 951875971 951875971 107672300 374024390 374024390 374024390 374024390 374024390 374024390 374024390 219276537 149368104 306680442 306680442 306680442 306680442 306680442 306680442 306680442 306680442 306680442 306680442 263508296
50
53959539 53959539 53959539 53959539 705160571 705160571 705160571 705160571 705160571 705160571 705160571 705160571 705160571 769007376 769007376 769007376 547203057 542700447 542700447 340661708 340661708 340661708 520782030 520782030 520782030 520782030 520782030 520782030 520782030 520782030 520782030 520782030 742052272 742052272 742052272 742052272 742052272 742052272 742052272 742052272 424728835 424728835 424728835 424728835 873656453 873656453 873656453 873656453 873656453 873656453
49
968039177 968039177 968039177 968039177 671979823 671979823 671979823 671979823 671979823 671979823 671979823 671979823 671979823 671979823 66906583 66906583 66906583 66906583 66906583 66906583 66906583 66906583 644630180 644630180 644630180 644630180 644630180 51262686 51262686 51262686 394695646 394695646 394695646 394695646 394695646 394695646 394695646 394695646 394695646 563195579 563195579 563195579 563195579 563195579 563195579 563195579 563195579 535702402 535702402
49
34492206 34492206 34492206 34492206 34492206 55296690 55296690 55296690 55296690 55296690 764613336 16470605 16470605 16470605 16470605 16470605 16470605 16470605 16470605 16470605 16470605 519131941 519131941 907007374 907007374 907007374 907007374 907007374 907007374 238721253 238721253 238721253 62127110 62127110 62127110 62127110 62127110 62127110 62127110 62127110 62127110 62127110 676703415 676703415 676703415 676703415 746337875 746337875 223732987
45
122372344 302254131 302254131 302254131 302254131 302254131 302254131 302254131 302254131 950952017 950952017 950952017 950952017 950952017 950952017 950952017 950952017 317779798 317779798 317779798 317779798 317779798 317779798 317779798 317779798 317779798 317779798 259587672 259587672 259587672 259587672 259587672 259587672 259587672 259587672 259587672 259587672 548577770 548577770 548577770 548577770 548577770 548577770 548577770 838003371
50
720875690 720875690 720875690 720875690 720875690 720875690 720875690 720875690 695193511 695193511 695193511 695193511 940627195 940627195 940627195 940627195 940627195 940627195 940627195 940627195 22598773 22598773 22598773 869473825 233483394 233483394 233483394 233483394 233483394 155627572 155627572 963877869 963877869 963877869 963877869 963877869 963877869 26076765 26076765 26076765 26076765 26076765 26076765 109688057 109688057 109688057 109688057 109688057 252577249 27460703
43
943437314 943437314 943437314 943437314 943437314 199007549 199007549 199007549 199007549 199007549 542743753 420695729 420695729 420695729 420695729 420695729 420695729 420695729 420695729 420695729 847834493 606010386 606010386 606010386 606010386 606010386 790533492 790533492 384252423 384252423 18324800 18324800 18324800 18324800 18324800 18324800 598698965 598698965 598698965 744756888 744756888 744756888 744756888
43
514851031 514851031 514851031 514851031 514851031 514851031 514851031 514851031 514851031 514851031 142694071 142694071 142694071 142694071 142694071 142694071 142694071 142694071 142694071 142694071 136247182 539380131 539380131 717679249 717679249 717679249 717679249 717679249 717679249 717679249 717679249 717679249 299161172 299161172 299161172 24737962 24737962 24737962 24737962 24737962 24737962 895240436 89630683
44
973423315 973423315 973423315 973423315 973423315 973423315 973423315 973423315 473111866 794024072 794024072 794024072 794024072 794024072 794024072 794024072 926815994 926815994 926815994 926815994 926815994 926815994 926815994 28243555 28243555 28243555 28243555 28243555 28243555 775070533 775070533 775070533 775070533 775070533 775070533 728027366 728027366 728027366 136356808 408524039 408524039 408524039 408524039 408524039
50
59041253 59041253 59041253 59041253 59041253 924074784 924074784 924074784 924074784 924074784 924074784 924074784 924074784 924074784 648817316 648817316 648817316 648817316 648817316 180116105 180116105 180116105 180116105 180116105 180116105 180116105 180116105 180116105 750718786 750718786 750718786 750718786 750718786 750718786 750718786 750718786 750718786 750718786 240740175 240740175 240740175 240740175 240740175 954919664 588448952 588448952 588448952 588448952 588448952 968806686
45
577534564 577534564 577534564 824383762 824383762 824383762 824383762 824383762 824383762 74155191 74155191 74155191 74155191 74155191 74155191 74155191 41238010 41238010 41238010 163132205 163132205 163132205 163132205 163132205 163132205 998133516 998133516 998133516 998133516 785041436 785041436 62036955 62036955 62036955 62036955 62036955 62036955 62036955 317687553 317687553 317687553 317687553 317687553 317687553 317687553
44
549114533 549114533 549114533 549114533 549114533 549114533 549114533 549114533 549114533 549114533 958338177 958338177 958338177 958338177 958338177 630453252 528170725 528170725 528170725 528170725 528170725 745122188 745122188 49676894 49676894 49676894 178707348 316129802 316129802 316129802 316129802 107930339 107930339 107930339 983689804 983689804 983689804 983689804 983689804 939624092 592042148 592042148 592042148 100095315
43
548834395 840829031 840829031 840829031 840829031 840829031 840829031 840829031 840829031 356137515 356137515 356137515 356137515 356137515 356137515 636657966 636657966 636657966 636657966 636657966 636657966 636657966 636657966 457580398 457580398 457580398 457580398 457580398 369486684 369486684 369486684 764359822 764359822 764359822 764359822 420548921 420548921 420548921 420548921 420548921 898398832 898398832 898398832
40
139280512 139280512 139280512 454253277 454253277 454253277 454253277 454253277 454253277 454253277 454253277 454253277 454253277 9357229 9357229 9357229 9357229 9357229 9357229 495930358 495930358 495930358 114154009 93877194 93877194 93877194 93877194 93877194 93877194 93877194 93877194 93877194 93877194 81414348 81414348 81414348 81414348 744732959 744732959 312027734
44
221022299 221022299 221022299 142129243 142129243 142129243 693016840 693016840 693016840 693016840 693016840 693016840 693016840 693016840 693016840 693016840 467758596 467758596 467758596 467758596 467758596 467758596 825821203 825821203 919863774 919863774 919863774 919863774 919863774 173464603 173464603 111547932 111547932 111547932 111547932 111547932 111547932 111547932 111547932 238483526 238483526 238483526 340564612 340564612
46
700275030 700275030 132969043 132969043 829867327 829867327 829867327 678307586 678307586 678307586 678307586 678307586 678307586 678307586 678307586 678307586 678307586 757218678 757218678 757218678 952616536 952616536 952616536 952616536 952616536 952616536 952616536 952616536 952616536 952616536 803359298 803359298 803359298 803359298 496426642 496426642 496426642 496426642 496426642 496426642 632782568 632782568 47965181 47965181 346181295 125998164
49
666904571 666904571 167283745 167283745 729989222 729989222 729989222 729989222 56935285 56935285 56935285 56935285 56935285 56935285 56935285 56935285 778344645 382820878 382820878 382820878 382820878 382820878 382820878 382820878 382820878 825603440 825603440 825603440 639376983 639376983 639376983 639376983 639376983 639376983 639376983 639376983 639376983 754802153 754802153 954264845 954264845 954264845 262992505 262992505 668802095 668802095 668802095 129325083 129325083
46
519586430 519586430 519586430 519586430 939788853 872255852 872255852 872255852 872255852 872255852 872255852 184121012 184121012 951870638 951870638 951870638 951870638 951870638 951870638 951870638 951870638 951870638 794320409 794320409 794320409 794320409 794320409 163993240 163993240 163993240 163993240 441805972 441805972 441805972 441805972 441805972 669274952 669274952 669274952 669274952 669274952 669274952 669274952 669274952 51503622 540620521
45
915558876 915558876 915558876 397278163 397278163 531222228 531222228 531222228 531222228 531222228 531222228 911439092 911439092 911439092 911439092 458180746 458180746 458180746 458180746 458180746 458180746 458180746 458180746 458180746 458180746 391500283 391500283 391500283 391500283 391500283 391500283 391500283 391500283 62007647 62007647 62007647 62007647 62007647 96714440 96714440 96714440 96714440 96714440 96714440 788620574
41
39053416 39053416 39053416 39053416 39053416 39053416 475739997 475739997 475739997 475739997 475739997 475739997 475739997 980746296 980746296 980746296 980746296 786741931 786741931 786741931 31297716 31297716 31297716 31297716 31297716 31297716 31297716 31297716 31297716 52632246 52632246 52632246 52632246 52632246 52632246 52632246 52632246 52632246 52632246 414331048 307296337
47
453831038 453831038 453831038 453831038 453831038 453831038 453831038 453831038 453831038 649198318 649198318 649198318 649198318 649198318 649198318 949801753 949801753 949801753 949801753 949801753 949801753 949801753 949801753 653257817 464084998 464084998 410662530 444966620 444966620 142417030 142417030 142417030 142417030 142417030 142417030 142417030 142417030 446012032 446012032 446012032 446012032 446012032 446012032 446012032 446012032 446012032 378938448
43
680866027 680866027 680866027 680866027 680866027 680866027 680866027 664817282 664817282 664817282 664817282 664817282 664817282 664817282 664817282 664817282 664817282 669988401 669988401 669988401 669988401 669988401 176342457 176342457 176342457 176342457 176342457 176342457 176342457 176342457 176342457 176342457 344018040 847115982 847115982 847115982 847115982 847115982 440159959 440159959 440159959 440159959 839947469
42
353959586 353959586 353959586 353959586 353959586 728424657 728424657 728424657 269091895 188943704 188943704 340786906 340786906 340786906 340786906 340786906 340786906 340786906 340786906 340786906 15750541 15750541 15750541 15750541 15750541 15750541 15750541 15750541 15750541 623888500 623888500 623888500 623888500 623888500 623888500 623888500 623888500 623888500 623888500 465485311 706207279 80537657
40
235138938 235138938 235138938 235138938 235138938 235138938 235138938 235138938 235138938 154942519 154942519 154942519 154942519 154942519 154942519 100169474 100169474 100169474 100169474 100169474 100169474 100169474 100169474 100169474 100169474 115929964 115929964 858128701 858128701 499949341 499949341 499949341 499949341 499949341 539171270 539171270 539171270 539171270 2466401 2466401
43
861898545 861898545 815121057 840288070 840288070 840288070 840288070 715243193 715243193 715243193 715243193 715243193 715243193 715243193 715243193 715243193 715243193 291238115 291238115 291238115 291238115 291238115 291238115 291238115 291238115 291238115 288802004 288802004 288802004 288802004 288802004 288802004 288802004 288802004 288802004 288802004 630040968 630040968 792131743 792131743 822689296 637530248 637530248
45
328086511 328086511 328086511 328086511 328086511 328086511 328086511 328086511 694443021 694443021 694443021 199743685 199743685 199743685 199743685 199743685 199743685 199743685 199743685 199743685 199743685 124914794 124914794 124914794 124914794 124914794 124914794 124914794 124914794 124914794 124914794 829604487 829604487 829604487 829604487 776394154 776394154 776394154 776394154 776394154 776394154 776394154 776394154 776394154 396758629
44
588525103 588525103 588525103 588525103 588525103 588525103 405433129 405433129 271387814 271387814 271387814 271387814 271387814 271387814 271387814 539925908 489681259 633185615 633185615 633185615 633185615 633185615 633185615 633185615 909042923 909042923 909042923 909042923 129009319 129009319 129009319 129009319 984671608 892819932 892819932 499155259 499155259 139481683 139481683 139481683 139481683 139481683 691940632 691940632
40
361287545 361287545 361287545 361287545 361287545 971932935 971932935 971932935 971932935 971932935 971932935 971932935 971932935 971932935 971932935 653601595 653601595 653601595 712448586 712448586 712448586 712448586 712448586 930075370 930075370 930075370 930075370 930075370 930075370 930075370 930075370 930075370 930075370 734755948 734755948 734755948 734755948 734755948 734755948 168589609
43
229096503 229096503 229096503 229096503 229096503 229096503 229096503 229096503 229096503 746341213 577362963 577362963 463842601 463842601 463842601 463842601 463842601 463842601 909069885 909069885 909069885 909069885 909069885 909069885 909069885 909069885 909069885 909069885 884068136 884068136 884068136 884068136 884068136 884068136 884068136 884068136 884068136 47433425 47433425 47433425 47433425 47433425 47433425
43
124844694 124844694 124844694 124844694 124844694 124844694 124844694 124844694 124844694 120049681 120049681 120049681 120049681 120049681 404766435 404766435 404766435 404766435 404766435 404766435 404766435 404766435 404766435 404766435 965216410 965216410 965216410 965216410 965216410 965216410 965216410 965216410 965216410 354800247 452967348 452967348 159267588 159267588 159267588 159267588 159267588 159267588 159267588
42
331829489 331829489 331829489 331829489 331829489 331829489 331829489 331829489 331829489 331829489 412500907 412500907 412500907 69767113 69767113 69767113 69767113 69767113 69767113 69767113 69767113 64898030 64898030 64898030 64898030 64898030 64898030 64898030 64898030 64898030 153444024 153444024 153444024 153444024 153444024 153444024 153444024 153444024 2187651 2187651 2187651 479662410
48
247508876 247508876 89107140 89107140 747959990 747959990 747959990 747959990 747959990 747959990 747959990 747959990 829047505 829047505 829047505 829047505 200165269 200165269 200165269 200165269 200165269 200165269 200165269 200165269 200165269 200165269 123084725 123084725 313274290 313274290 313274290 313274290 313274290 313274290 952261355 952261355 952261355 952261355 952261355 952261355 152849057 152849057 152849057 152849057 152849057 152849057 152849057 152849057
50
485324670 485324670 485324670 485324670 485324670 485324670 44638023 349864544 349864544 349864544 349864544 349864544 349864544 349864544 349864544 745853299 745853299 969277452 384976948 384976948 384976948 384976948 384976948 384976948 384976948 384976948 411051464 411051464 411051464 411051464 972457112 972457112 760812726 760812726 672659086 672659086 672659086 672659086 672659086 672659086 586838806 586838806 586838806 586838806 586838806 586838806 586838806 586838806 586838806 586838806
43
822875771 822875771 822875771 822875771 822875771 822875771 822875771 822875771 822875771 822875771 748791467 748791467 748791467 748791467 194564652 194564652 194564652 194564652 71332535 71332535 71332535 403960476 403960476 403960476 403960476 403960476 403960476 981231341 981231341 981231341 981231341 981231341 981231341 981231341 981231341 981231341 981231341 907408611 907408611 907408611 907408611 907408611 907408611
47
480176035 480176035 480176035 480176035 546585588 546585588 546585588 293964715 293964715 293964715 293964715 293964715 293964715 293964715 293964715 293964715 293964715 13518194 13518194 13518194 13518194 874766627 874766627 776595303 776595303 776595303 776595303 776595303 776595303 776595303 355927844 355927844 355927844 355927844 355927844 304674545 304674545 304674545 304674545 304674545 304674545 396918084 396918084 396918084 354917660 354917660 354917660
42
547817288 547817288 547817288 303670198 303670198 303670198 241089811 241089811 241089811 241089811 241089811 241089811 241089811 241089811 817676178 817676178 817676178 611888026 611888026 611888026 611888026 611888026 611888026 611888026 611888026 861198831 861198831 861198831 751572490 751572490 751572490 751572490 751572490 751572490 318857787 318857787 318857787 318857787 72268561 72268561 72268561 344698654
3
233 233 233
50
380185470 380185470 748457832 748457832 748457832 748457832 748457832 748457832 748457832 921228566 921228566 921228566 921228566 921228566 921228566 921228566 612398520 650595790 650595790 650595790 973908647 973908647 973908647 233957597 233957597 233957597 233957597 233957597 233957597 233957597 623021933 50278103 50278103 50278103 50278103 50278103 50278103 50278103 50278103 167673113 167673113 52999212 52999212 52999212 436449733 436449733 436449733 436449733 436449733 339939802
49
145348078 182183480 182183480 182183480 182183480 182183480 182183480 182183480 182183480 182183480 182183480 366769373 171810279 171810279 171810279 171810279 171810279 171810279 171810279 679897056 307852764 307852764 307852764 307852764 307852764 921632522 921632522 921632522 921632522 921632522 921632522 921632522 921632522 921632522 921632522 25933192 25933192 25933192 25933192 888900580 888900580 888900580 888900580 888900580 888900580 888900580 888900580 888900580 934196910
47
909538052 909538052 909538052 909538052 250791710 250791710 250791710 250791710 250791710 250791710 250791710 771358765 771358765 771358765 771358765 771358765 771358765 222131306 222131306 222131306 222131306 222131306 222131306 222131306 222131306 222131306 636066155 269863833 269863833 269863833 269863833 269863833 269863833 269863833 801755486 763526846 763526846 763526846 763526846 763526846 763526846 763526846 763526846 763526846 873140794 873140794 873140794
48
9765278 9765278 9765278 9765278 9765278 9765278 9765278 155682782 155682782 155682782 155682782 155682782 155682782 155682782 155682782 155682782 547375340 547375340 21579547 713426615 713426615 713426615 713426615 713426615 713426615 713426615 713426615 376553268 376553268 501808835 501808835 501808835 501808835 501808835 501808835 501808835 501808835 501808835 501808835 858049324 858049324 858049324 858049324 607174522 879145665 879145665 594013789 731480573
41
316200352 316200352 316200352 316200352 796191839 796191839 796191839 796191839 796191839 93654236 93654236 93654236 93654236 93654236 93654236 93654236 93654236 93654236 468647140 468647140 468647140 468647140 468647140 468647140 468647140 717170354 717170354 717170354 717170354 992540645 310583518 310583518 310583518 310583518 310583518 310583518 310583518 480460259 480460259 218432772 218432772
40
295899392 295899392 678953766 678953766 678953766 58710179 58710179 613129605 613129605 613129605 613129605 613129605 613129605 613129605 613129605 613129605 613129605 950904403 950904403 950904403 950904403 950904403 950904403 950904403 950904403 803232992 803232992 803232992 803232992 725903485 725903485 725903485 725903485 964369288 964369288 964369288 950713204 950713204 950713204 380943062
42
131521393 131521393 131521393 131521393 131521393 131521393 131521393 461620605 461620605 581550860 581550860 581550860 11578382 11578382 11578382 11578382 11578382 11578382 11578382 11578382 11578382 294016236 294016236 294016236 294016236 294016236 754467347 754467347 754467347 754467347 754467347 754467347 754467347 588758606 588758606 588758606 588758606 588758606 588758606 588758606 411756131 588388672
46
645553476 645553476 645553476 645553476 117801258 117801258 117801258 117801258 57576468 57576468 57576468 57576468 57576468 57576468 57576468 542158210 542158210 542158210 542158210 542158210 542158210 603385870 603385870 603385870 603385870 603385870 603385870 603385870 603385870 603385870 603385870 624440020 624440020 624440020 468319758 16306711 16306711 16306711 16306711 16306711 16306711 16306711 825801638 825801638 825801638 825801638
45
128780196 128780196 128780196 128780196 128780196 128780196 530170645 530170645 530170645 530170645 530170645 530170645 530170645 530170645 530170645 250035658 250035658 250035658 250035658 250035658 250035658 156943950 156943950 156943950 684720456 684720456 684720456 684720456 684720456 684720456 636403722 636403722 146505726 146505726 146505726 146505726 146505726 332599859 508599937 508599937 508599937 508599937 508599937 508599937 131391062
43
744324232 744324232 744324232 744324232 744324232 744324232 744324232 744324232 744324232 744324232 568470014 568470014 568470014 568470014 568470014 568470014 568470014 568470014 568470014 394325632 394325632 642715171 642715171 642715171 642715171 642715171 642715171 642715171 221163153 221163153 221163153 221163153 221163153 221163153 221163153 221163153 221163153 39617307 39617307 39617307 39617307 39617307 508388122
49
772784197 772784197 772784197 772784197 772784197 772784197 772784197 772784197 772784197 748097247 748097247 748097247 748097247 748097247 748097247 748097247 748097247 892291599 615301393 615301393 615301393 615301393 615301393 615301393 615301393 615301393 615301393 615301393 44640984 44640984 44640984 44640984 44640984 44640984 44640984 44640984 712407435 712407435 712407435 712407435 712407435 712407435 712407435 712407435 712407435 681758446 252384943 252384943 843502342
43
915710331 915710331 91771242 91771242 91771242 91771242 91771242 91771242 91771242 918852723 918852723 918852723 918852723 918852723 918852723 918852723 918852723 194135741 194135741 194135741 194135741 194135741 194135741 194135741 194135741 194135741 194135741 901080455 901080455 647442999 647442999 540902127 540902127 540902127 540902127 540902127 540902127 540902127 666457322 130571742 130571742 500939328 743004554
43
871988410 871988410 871988410 871988410 871988410 871988410 708903215 708903215 473822154 473822154 473822154 473822154 473822154 473822154 220558162 220558162 220558162 220558162 220558162 220558162 231086131 231086131 231086131 231086131 231086131 136624240 305933791 305933791 305933791 305933791 305933791 305933791 305933791 305933791 305933791 305933791 608684536 608684536 608684536 608684536 608684536 608684536 576642543
49
16065450 16065450 16065450 16065450 88849044 88849044 88849044 88849044 88849044 88849044 600656530 600656530 600656530 600656530 600656530 600656530 600656530 828555357 828555357 879709649 879709649 879709649 879709649 879709649 879709649 879709649 971318948 971318948 971318948 971318948 971318948 971318948 971318948 971318948 552496082 820046812 820046812 820046812 820046812 820046812 820046812 820046812 120483577 120483577 120483577 120483577 120483577 289667792 289667792
48
552546227 552546227 552546227 552546227 70905990 70905990 70905990 70905990 70905990 70905990 829345883 829345883 829345883 829345883 631900515 631900515 631900515 631900515 755381094 755381094 755381094 755381094 755381094 755381094 755381094 755381094 755381094 858704556 858704556 858704556 858704556 334328356 267393303 267393303 267393303 267393303 267393303 267393303 267393303 267393303 267393303 967009211 967009211 967009211 967009211 967009211 521088980 521088980
40
67240710 405681251 405681251 405681251 405681251 405681251 405681251 405681251 405681251 405681251 405681251 769426816 769426816 769426816 769426816 769426816 769426816 769426816 769426816 55068655 55068655 55068655 831108736 831108736 831108736 831108736 831108736 831108736 831108736 831108736 831108736 380185805 567986500 674728575 674728575 144882418 144882418 144882418 922643359 922643359
48
979340560 979340560 979340560 979340560 979340560 979340560 979340560 243860157 243860157 243860157 243860157 243860157 243860157 243860157 243860157 243860157 328615597 328615597 328615597 431564682 431564682 431564682 431564682 431564682 4964270 775170812 775170812 775170812 11206502 11206502 811666659 811666659 811666659 811666659 189276780 189276780 189276780 105768035 105768035 105768035 105768035 614404479 614404479 614404479 614404479 614404479 88820222 374036341
43
883450564 532172646 532172646 532172646 532172646 532172646 532172646 532172646 532172646 532172646 380847501 380847501 380847501 380847501 380847501 380847501 380847501 790622173 790622173 790622173 790622173 790622173 790622173 790622173 790622173 790622173 790622173 255401954 255401954 255401954 255401954 255401954 255401954 514846672 514846672 514846672 514846672 24689519 468433816 468433816 719025698 719025698 695665384
41
130630231 130630231 130630231 130630231 130630231 130630231 45650183 45650183 45650183 45650183 45650183 45650183 45650183 313189814 313189814 313189814 313189814 313189814 313189814 313189814 313189814 525538165 525538165 525538165 525538165 525538165 525538165 525538165 525538165 525538165 215221486 215221486 215221486 215221486 215221486 215221486 215221486 215221486 834672834 834672834 622907605
41
481741585 481741585 481741585 481741585 481741585 122509073 122509073 122509073 78845059 78845059 78845059 78845059 78845059 78845059 78845059 78845059 78845059 522517719 522517719 522517719 67167061 67167061 67167061 67167061 67167061 67167061 67167061 67167061 256605957 256605957 256605957 256605957 256605957 253468509 253468509 253468509 253468509 253468509 407714986 11807368 402780408
49
742166452 742166452 742166452 742166452 811298282 370425726 370425726 700108765 99570400 99570400 99570400 99570400 99570400 42875825 42875825 42875825 42875825 948160111 948160111 948160111 948160111 948160111 948160111 948160111 782616323 782616323 782616323 782616323 782616323 782616323 50707412 50707412 50707412 50707412 231752402 231752402 25320778 25320778 25320778 25320778 201168889 201168889 201168889 201168889 201168889 201168889 201168889 201168889 201168889
43
474083337 982883113 982883113 982883113 982883113 982883113 982883113 982883113 982883113 982883113 982883113 387655809 387655809 387655809 452883817 452883817 452883817 452883817 452883817 114286654 808681627 808681627 808681627 808681627 72339974 72339974 72339974 606650205 606650205 606650205 606650205 606650205 606650205 606650205 606650205 301060593 301060593 301060593 301060593 301060593 899482230 899482230 101544130
48
990795849 990795849 990795849 990795849 990795849 990795849 990795849 990795849 21833263 21833263 21833263 21833263 21833263 21833263 21833263 21833263 95882891 95882891 95882891 95882891 95882891 95882891 95882891 95882891 834699936 658345759 658345759 658345759 658345759 658345759 658345759 798988908 798988908 798988908 798988908 798988908 798988908 798988908 798988908 798988908 457551475 457551475 406934793 406934793 406934793 406934793 406934793 792192202
50
813742326 813742326 213737096 213737096 213737096 213737096 213737096 213737096 213737096 213737096 213737096 964129066 964129066 964129066 964129066 964129066 964129066 365210222 365210222 365210222 365210222 365210222 365210222 43429847 43429847 43429847 43429847 282761620 282761620 687537816 687537816 687537816 687537816 687537816 687537816 71718759 71718759 412696015 412696015 696399324 696399324 696399324 696399324 696399324 696399324 696399324 696399324 696399324 696399324 396261973
42
380186194 269166279 269166279 269166279 269166279 269166279 269166279 269166279 269166279 269166279 694592030 694592030 694592030 694592030 694592030 694592030 694592030 694592030 694592030 8419784 8419784 8419784 251714703 251714703 251714703 251714703 251714703 251714703 251714703 70185946 70185946 70185946 70185946 67955537 67955537 67955537 67955537 67955537 67955537 67955537 129875874 129875874
40
327519672 327519672 327519672 327519672 327519672 327519672 327519672 492371373 492371373 492371373 492371373 492371373 492371373 492371373 492371373 492371373 154754979 154754979 154754979 154754979 154754979 154754979 398400408 398400408 398400408 398400408 398400408 398400408 746308467 746308467 746308467 746308467 746308467 746308467 385619194 385619194 385619194 385619194 385619194 97933068
43
715341530 715341530 715341530 715341530 715341530 715341530 715341530 715341530 715341530 370749836 370749836 370749836 465479589 465479589 465479589 260359292 260359292 260359292 260359292 260359292 973484715 973484715 184184316 184184316 184184316 184184316 184184316 184184316 184184316 184184316 184184316 184184316 504616482 504616482 504616482 504616482 504616482 504616482 504616482 504616482 504616482 517713823 355142754
43
780427941 780427941 780427941 780427941 775656720 775656720 775656720 775656720 669217276 669217276 669217276 669217276 669217276 669217276 669217276 669217276 678580941 678580941 678580941 678580941 678580941 678580941 678580941 678580941 762423526 762423526 762423526 762423526 762423526 762423526 762423526 762423526 150999054 150999054 150999054 150999054 150999054 150999054 858852551 858852551 630282832 254962255 221343664
46
102522161 266344362 266344362 266344362 266344362 266344362 266344362 266344362 266344362 266344362 753470568 753470568 753470568 753470568 753470568 753470568 753470568 753470568 753470568 753470568 397363187 397363187 397363187 397363187 397363187 397363187 397363187 397363187 397363187 397363187 945743479 945743479 945743479 945743479 945743479 945743479 945743479 945743479 945743479 945743479 789053164 789053164 789053164 193597393 193597393 193597393
42
972015819 972015819 972015819 972015819 972015819 972015819 972015819 972015819 972015819 972015819 613863666 613863666 613863666 613863666 613863666 613863666 613863666 613863666 613863666 613863666 173549341 173549341 173549341 173549341 173549341 173549341 173549341 173549341 173549341 173549341 880511673 880511673 880511673 880511673 484100528 484100528 484100528 871815013 871815013 871815013 842725220 204358014
1
233
44
992046323 992046323 992046323 992046323 992046323 992046323 992046323 992046323 919900773 919900773 919900773 140032662 140032662 140032662 140032662 149443052 149443052 149443052 149443052 149443052 149443052 266569156 266569156 266569156 266569156 338741313 338741313 854452551 854452551 854452551 854452551 854452551 854452551 54890198 54890198 54890198 54890198 54890198 607306963 607306963 738571977 738571977 738571977 442195519
5
2 3 3 4 3
41
748209033 748209033 748209033 748209033 751713245 751713245 751713245 751713245 716180667 716180667 716180667 716180667 716180667 716180667 716180667 716180667 716180667 94137698 94137698 94137698 94137698 94137698 52146804 52146804 52146804 52146804 52146804 52146804 52146804 52146804 939675444 939675444 939675444 939675444 939675444 939675444 125766349 125766349 125766349 125766349 125766349
50
243551127 243551127 243551127 78101553 78101553 78101553 78101553 78101553 78101553 78101553 174809563 664945026 664945026 664945026 664945026 664945026 664945026 664945026 664945026 664945026 664945026 635751492 635751492 635751492 635751492 635751492 635751492 635751492 191312219 635265367 771319862 771319862 771319862 626156173 626156173 626156173 221237678 221237678 221237678 614509675 614509675 614509675 614509675 614509675 614509675 614509675 614509675 614509675 361642284 125024851
50
806953192 806953192 806953192 806953192 806953192 806953192 806953192 806953192 806953192 171659957 171659957 171659957 171659957 171659957 171659957 171659957 171659957 473396706 473396706 376204465 376204465 376204465 376204465 376204465 376204465 332796527 332796527 332796527 332796527 332796527 332796527 332796527 432975953 432975953 602074841 602074841 644109079 644109079 644109079 644109079 644109079 644109079 644109079 268907043 268907043 268907043 268907043 268907043 149032784 403158194
4
1 5 3 1
43
699787471 699787471 907692204 907692204 907692204 907692204 412130278 412130278 412130278 486328122 486328122 486328122 486328122 486328122 486328122 486328122 486328122 486328122 674071846 674071846 674071846 674071846 674071846 552803124 552803124 552803124 552803124 552803124 552803124 552803124 552803124 552803124 552803124 74638943 74638943 74638943 74638943 74638943 74638943 74638943 74638943 863180827 73146011
41
288474221 288474221 288474221 288474221 288474221 288474221 288474221 288474221 435517383 435517383 435517383 435517383 435517383 435517383 812510347 812510347 812510347 812510347 812510347 577996004 577996004 577996004 577996004 577996004 360831200 360831200 360831200 360831200 360831200 360831200 261790814 261790814 261790814 261790814 261790814 261790814 261790814 261790814 261790814 261790814 18509397
47
959353623 959353623 959353623 959353623 959353623 959353623 959353623 959353623 959353623 86152588 86152588 86152588 86152588 86152588 33598089 33598089 33598089 845963399 845963399 845963399 845963399 845963399 845963399 845963399 845963399 845963399 845963399 174256037 884009484 884009484 884009484 884009484 884009484 884009484 884009484 884009484 884009484 884009484 321897153 854746640 854746640 854746640 854746640 854746640 854746640 854746640 854746640
50
508737863 508737863 508737863 508737863 508737863 508737863 508737863 508737863 508737863 938021776 938021776 938021776 938021776 366181532 366181532 366181532 366181532 366181532 366181532 129576677 129576677 129576677 129576677 129576677 129576677 129576677 24074938 24074938 24074938 24074938 24074938 24074938 726799129 726799129 726799129 726799129 726799129 726799129 726799129 726799129 726799129 163050301 163050301 163050301 163050301 976658820 976658820 976658820 976658820 19887365
45
463649802 463649802 463649802 463649802 894255773 894255773 894255773 894255773 894255773 894255773 894255773 235958598 235958598 235958598 235958598 103202567 103202567 654914863 654914863 654914863 654914863 654914863 654914863 356922602 356922602 356922602 356922602 356922602 671954021 671954021 671954021 671954021 671954021 671954021 671954021 671954021 671954021 671954021 474050725 114514660 114514660 8651973 8651973 8651973 8651973
40
362050726 630837386 630837386 330006831 330006831 330006831 330006831 330006831 330006831 498850531 498850531 734387839 734387839 734387839 86731530 86731530 162271827 162271827 162271827 162271827 162271827 8997563 8997563 8997563 8997563 8997563 8997563 8997563 8997563 643677332 643677332 643677332 643677332 643677332 643677332 643677332 643677332 833388491 833388491 259435964
42
957562822 957562822 957562822 957562822 118489306 118489306 118489306 118489306 118489306 118489306 118489306 124228169 124228169 124228169 960113758 960113758 960113758 960113758 960113758 960113758 960113758 960113758 960113758 963372144 963372144 963372144 220492633 220492633 220492633 183691455 183691455 183691455 183691455 183691455 183691455 183691455 961099547 961099547 235992733 622958189 622958189 884984773
43
484645460 484645460 484645460 484645460 352318080 352318080 352318080 352318080 352318080 604008023 604008023 604008023 604008023 604008023 68442733 68442733 68442733 68442733 68442733 68442733 68442733 68442733 68442733 68442733 951929454 951929454 951929454 951929454 951929454 951929454 951929454 951929454 951929454 102063181 102063181 102063181 102063181 102063181 102063181 102063181 102063181 488514484 488514484
43
948718167 948718167 948718167 948718167 948718167 948718167 948718167 948718167 948718167 43766372 43766372 43766372 43766372 43766372 43766372 43766372 43766372 43766372 884328784 884328784 884328784 884328784 884328784 884328784 884328784 230570739 230570739 230570739 230570739 230570739 635633721 635633721 635633721 635633721 635633721 580236554 580236554 580236554 580236554 580236554 294222925 294222925 294222925
43
355834114 355834114 355834114 355834114 355834114 542865240 542865240 542865240 542865240 989577244 989577244 989577244 989577244 139825705 139825705 139825705 139825705 139825705 139825705 139825705 139825705 139825705 70292242 70292242 70292242 70292242 70292242 70292242 70292242 70292242 751976064 751976064 751976064 751976064 751976064 751976064 751976064 751976064 751976064 751976064 336593106 336593106 601710481
47
23649439 23649439 23649439 23649439 23649439 23649439 406683377 406683377 406683377 398561009 398561009 398561009 398561009 398561009 398561009 900405866 900405866 900405866 246762353 246762353 246762353 246762353 246762353 42538023 42538023 42538023 42538023 42538023 42538023 42538023 124923247 195094924 195094924 195094924 195094924 195094924 195094924 195094924 195094924 195094924 195094924 748794217 748794217 748794217 748794217 748794217 748794217
4
2 2 3 3
50
849584558 849584558 849584558 849584558 849584558 849584558 849584558 849584558 849584558 752186073 752186073 752186073 752186073 752186073 752186073 299915468 299915468 299915468 299915468 299915468 299915468 299915468 299915468 397870470 397870470 397870470 397870470 473480631 473480631 981320440 976102829 976102829 976102829 976102829 976102829 976102829 206882735 206882735 206882735 206882735 206882735 206882735 19143871 19143871 19143871 19143871 19143871 19143871 803862508 803862508
45
32455042 556163442 556163442 556163442 556163442 92433032 92433032 92433032 92433032 92433032 92433032 92433032 92433032 92433032 12527192 12527192 12527192 12527192 12527192 12527192 12527192 12527192 12527192 146271425 146271425 665808281 665808281 665808281 665808281 665808281 665808281 665808281 386456562 386456562 386456562 386456562 386456562 457493463 457493463 457493463 457493463 577572081 577572081 577572081 534265942
50
429674303 429674303 429674303 429674303 429674303 429674303 429674303 464422082 464422082 464422082 464422082 464422082 464422082 464422082 464422082 464422082 464422082 717489394 910649831 910649831 386552925 386552925 386552925 386552925 386552925 386552925 386552925 386552925 386552925 60998319 60998319 60998319 60998319 60998319 557412983 557412983 557412983 557412983 557412983 557412983 60456044 60456044 885548457 885548457 885548457 885548457 885548457 950882843 950882843 819017396
44
893170421 893170421 893170421 893170421 218383858 218383858 218383858 218383858 218383858 218383858 218383858 595457694 595457694 595457694 595457694 595457694 798143560 798143560 798143560 798143560 798143560 798143560 798143560 798143560 798143560 798143560 986521155 986521155 986521155 986521155 56200468 56200468 56200468 56200468 56200468 56200468 56200468 762747825 762747825 762747825 762747825 124423704 124423704 124423704
50
127687503 3916641 3916641 3916641 3916641 187415905 187415905 187415905 187415905 187415905 187415905 109620458 109620458 109620458 109620458 109620458 109620458 109620458 109620458 109620458 109620458 883647912 883647912 883647912 821295951 821295951 458513666 458513666 458513666 458513666 458513666 458513666 458513666 422233471 422233471 422233471 422233471 422233471 462945561 462945561 462945561 462945561 462945561 462945561 326767510 326767510 326767510 209041111 209041111 958035203
44
462022784 462022784 462022784 462022784 462022784 462022784 462022784 462022784 462022784 915659021 915659021 915659021 915659021 34719812 34719812 34719812 34719812 34719812 34719812 34719812 34719812 34719812 34719812 914609206 914609206 914609206 914609206 914609206 914609206 914609206 914609206 9571706 9571706 9571706 9571706 9571706 9571706 9571706 862424057 862424057 862424057 862424057 862424057 316021449
50
178360689 178360689 178360689 178360689 178360689 178360689 178360689 178360689 178360689 876877622 876877622 876877622 876877622 809167633 809167633 809167633 809167633 809167633 562304110 562304110 562304110 562304110 562304110 562304110 609393008 609393008 609393008 609393008 609393008 609393008 767319452 767319452 767319452 767319452 767319452 544275152 544275152 544275152 544275152 544275152 544275152 544275152 544275152 544275152 544275152 260364573 260364573 121246332 830692155 830692155
40
31111615 31111615 31111615 31111615 31111615 31111615 31111615 839815769 839815769 839815769 845174242 845174242 845174242 627034140 627034140 20093386 431781807 431781807 431781807 431781807 431781807 431781807 431781807 431781807 431781807 431781807 98965285 98965285 98965285 98965285 98965285 98965285 98965285 98965285 98965285 98965285 271470832 271470832 271470832 271470832
40
409398973 409398973 409398973 409398973 409398973 409398973 955485040 955485040 955485040 955485040 787416224 787416224 787416224 716191473 716191473 716191473 716191473 716191473 716191473 716191473 716191473 716191473 64861884 64861884 64861884 64861884 64861884 279714251 279714251 417927180 417927180 417927180 417927180 417927180 407316002 407316002 407316002 318657134 318657134 318657134
8
3 4 1 4 2 5 3 1
