100
640 0 0
298 0 0
833 0 0
-423 0 0
920 0 0
513 0 0
182 0 0
-59 0 0
775 0 0
993 0 0
-471 0 0
951 0 0
141 0 0
-98 0 0
691 0 0
952 0 0
936 0 0
569 0 0
793 0 0
-560 0 0
585 0 0
77 0 0
713 0 0
480 0 0
-374 0 0
897 0 0
-700 0 0
-405 0 0
392 0 0
152 0 0
-42 0 0
871 0 0
-577 0 0
889 0 0
-201 0 0
912 0 0
302 0 0
-157 0 0
922 0 0
-667 0 0
-440 0 0
-288 0 0
-55 0 0
987 0 0
-506 0 0
340 0 0
725 0 0
-149 0 0
742 0 0
-942 0 0
-107 0 0
-941 0 0
361 0 0
-785 0 0
799 0 0
372 0 0
471 0 0
-4 0 0
-529 0 0
836 0 0
741 0 0
-984 0 0
-448 0 0
-166 0 0
-121 0 0
641 0 0
-578 0 0
-290 0 0
827 0 0
-333 0 0
-336 0 0
-461 0 0
188 0 0
-588 0 0
-717 0 0
218 0 0
565 0 0
-709 0 0
-648 0 0
37 0 0
-976 0 0
-66 0 0
-819 0 0
940 0 0
46 0 0
158 0 0
-7 0 0
203 0 0
915 0 0
751 0 0
864 0 0
-489 0 0
664 0 0
-240 0 0
-694 0 0
-778 0 0
535 0 0
306 0 0
603 0 0
861 0 0
702 0 0
52 0 0
161 0 0
-275 0 0
-638 0 0
-724 0 0
976 0 0
186 0 0
-860 0 0
601 0 0
391 0 0
-420 0 0
379 0 0
-248 0 0
674 0 0
602 0 0
-302 0 0
330 0 0
404 0 0
98 0 0
270 0 0
-111 0 0
-80 0 0
-310 0 0
-568 0 0
783 0 0
0 0 0
243 0 0
278 0 0
494 0 0
-945 0 0
429 0 0
-346 0 0
156 0 0
-176 0 0
-152 0 0
-729 0 0
-814 0 0
-625 0 0
168 0 0
430 0 0
367 0 0
715 0 0
840 0 0
-629 0 0
522 0 0
469 0 0
-867 0 0
-814 0 0
-451 0 0
-239 0 0
-110 0 0
71 0 0
-669 0 0
278 0 0
-934 0 0
634 0 0
-827 0 0
-459 0 0
168 0 0
712 0 0
341 0 0
-901 0 0
-918 0 0
-189 0 0
-822 0 0
952 0 0
933 0 0
-260 0 0
-95 0 0
791 0 0
610 0 0
-92 0 0
362 0 0
-544 0 0
-455 0 0
-576 0 0
275 0 0
-271 0 0
-644 0 0
-830 0 0
-198 0 0
-352 0 0
360 0 0
-791 0 0
372 0 0
831 0 0
612 0 0
-845 0 0
146 0 0
976 0 0
-530 0 0
-45 0 0
973 0 0
-991 0 0
-528 0 0
-512 0 0
406 0 0
409 0 0
-1000 0 0
936 0 0
-436 0 0
12 0 0
284 0 0
862 0 0
946 0 0
-125 0 0
233 0 0
8 0 0
264 0 0
-873 0 0
-405 0 0
-131 0 0
-410 0 0
243 0 0
-760 0 0
152 0 0
-392 0 0
-464 0 0
-185 0 0
-625 0 0
973 0 0
254 0 0
443 0 0
-715 0 0
-207 0 0
670 0 0
-440 0 0
-459 0 0
172 0 0
947 0 0
711 0 0
-955 0 0
648 0 0
466 0 0
-641 0 0
33 0 0
836 0 0
792 0 0
845 0 0
907 0 0
-995 0 0
-376 0 0
320 0 0
491 0 0
989 0 0
-160 0 0
945 0 0
132 0 0
281 0 0
-731 0 0
-241 0 0
923 0 0
-13 0 0
-518 0 0
-137 0 0
-865 0 0
-532 0 0
437 0 0
310 0 0
-132 0 0
-657 0 0
-57 0 0
771 0 0
740 0 0
-391 0 0
688 0 0
-991 0 0
34 0 0
155 0 0
-844 0 0
437 0 0
-372 0 0
-934 0 0
-974 0 0
607 0 0
-191 0 0
119 0 0
-2 0 0
429 0 0
269 0 0
-160 0 0
-419 0 0
245 0 0
-240 0 0
-472 0 0
749 0 0
257 0 0
-994 0 0
467 0 0
513 0 0
605 0 0
317 0 0
-62 0 0
53 0 0
812 0 0
-40 0 0
651 0 0
302 0 0
595 0 0
