99
6 2 0 2 0 2 0
3 1 0 2 0 0 0
4 2 0 2 0 0 0
999 333 0 333 0 333 0
6 0 0 3 0 3 0
820 387 0 362 0 71 0
283 129 0 136 0 18 0
788 7 0 772 0 9 0
979 466 0 113 0 400 0
123 18 0 52 0 53 0
869 225 0 272 0 372 0
538 205 0 73 0 260 0
726 373 0 225 0 128 0
986 337 0 128 0 521 0
875 336 0 351 0 188 0
861 253 0 386 0 222 0
527 231 0 212 0 84 0
979 431 0 248 0 300 0
595 212 0 237 0 146 0
484 205 0 80 0 199 0
338 163 0 132 0 43 0
3 1 0 1 0 1 0
328 152 0 58 0 118 0
904 309 0 169 0 426 0
749 357 0 27 0 365 0
293 128 0 105 0 60 0
3 0 0 1 0 2 0
1000 0 0 499 0 501 0
600 482 0 77 0 41 0
716 269 0 327 0 120 0
387 88 0 126 0 173 0
772 262 0 188 0 322 0
556 308 0 7 0 241 0
439 5 0 68 0 366 0
292 115 0 86 0 91 0
999 249 0 250 0 500 0
994 278 0 266 0 450 0
553 111 0 167 0 275 0
715 198 0 190 0 327 0
4 1 0 1 0 2 0
967 314 0 200 0 453 0
551 271 0 90 0 190 0
828 388 0 31 0 409 0
135 38 0 61 0 36 0
325 303 0 20 0 2 0
3 0 0 3 0 0 0
167 59 0 55 0 53 0
836 285 0 234 0 317 0
507 217 0 74 0 216 0
611 198 0 323 0 90 0
94 41 0 29 0 24 0
80 29 0 32 0 19 0
923 402 0 272 0 249 0
242 23 0 113 0 106 0
1000 250 0 500 0 250 0
428 178 0 101 0 149 0
4 3 0 1 0 0 0
163 55 0 39 0 69 0
1000 500 0 0 0 500 0
905 305 0 282 0 318 0
5 2 0 1 0 2 0
183 69 0 76 0 38 0
114 25 0 37 0 52 0
119 49 0 11 0 59 0
52 20 0 16 0 16 0
834 179 0 276 0 379 0
254 105 0 57 0 92 0
110 66 0 36 0 8 0
4 2 0 0 0 2 0
736 329 0 108 0 299 0
243 46 0 114 0 83 0
311 105 0 99 0 107 0
999 499 0 0 0 500 0
4 2 0 1 0 1 0
56 20 0 19 0 17 0
753 295 0 363 0 95 0
44 16 0 22 0 6 0
551 252 0 253 0 46 0
634 185 0 225 0 224 0
27 12 0 6 0 9 0
506 66 0 227 0 213 0
6 2 0 1 0 3 0
522 12 0 416 0 94 0
1000 499 0 500 0 1 0
7 2 0 2 0 3 0
602 150 0 195 0 257 0
5 3 0 1 0 1 0
432 153 0 132 0 147 0
4 1 0 2 0 1 0
533 62 0 220 0 251 0
5 2 0 3 0 0 0
866 335 0 106 0 425 0
355 108 0 78 0 169 0
315 99 0 128 0 88 0
999 250 0 499 0 250 0
612 185 0 272 0 155 0
14 6 0 4 0 4 0
1000 333 0 334 0 333 0
999 1 0 499 0 499 0
