100
4 2
5 2
6 2
1000 1000
1000 1
10000001000000000 12810000001000000
1000000 1
999999 475711
1000000 524287
940950 750942
701816 665235
888435 852579
1000000 127
675639 600378
761905 754027
476092 421587
500000 2
500000 128
743413 697167
823319 675326
1 1
625758 483162
1000000 1000000
1000000 475713
485139 425037
761180 665519
500000 237857
687278 633825
693589 636531
2 2
997486 892795
500000 249998
623276 485967
500000 249999
500000 262144
999999 999999
389542 357699
664981 524637
999999 999998
1000000 499998
500000 237856
999999 499998
834338 736486
1000000 2
398914 397169
1000000 475712
500000 251656
1000000 262144
500000 499999
341379 335050
999999 1
999999 2
1000000 999999
1000000 499999
850456 694839
999999 524288
1000000 524288
500000 500000
999999 475712
419596 397801
3 1
296150 235903
999999 262143
4 1
500000 262143
999999 499997
805673 706901
999999 507566
1000000 512688
500000 149385
500000 131072
500000 250000
999999 524287
1000000 370137
999999 127
332738 289767
693651 573202
1000000 500000
999999 499999
500000 1
517717 424890
691240 686479
898512 820218
3 2
336438 324999
500000 131071
251973 234926
607896 551691
305831 238114
999999 128
935013 824998
500000 127
5 1
1000000 262143
466649 445354
999999 404369
569423 537394
2 1
657836 644398
999999 262144
