100
4 2
5 2
6 2
1000 1000
1000 1
999999 475712
999999 499999
1000000 493916
430602 325185
2 2
1000000 262143
1000000 1000000
1000000 500000
999999 1
999999 513331
500000 162545
618334 502183
5 1
697304 686988
999999 999998
500000 249998
1000000 475712
341582 336640
500000 262143
358098 302865
500000 237857
999999 128
500000 131071
576006 510267
999999 127
833599 790922
500000 2
831545 769832
834968 794120
500000 499999
981358 802318
500000 262144
500000 128
809367 683812
391115 358379
1000000 524287
500000 237856
999999 262144
999999 2
625258 570159
4 1
999999 350177
308583 275290
525999 481311
1000000 999999
999999 499998
1000000 499999
500000 131072
999999 524288
999999 999999
437486 392158
999999 475711
862977 701627
3 2
500000 1
1000000 128
675918 632444
500000 250737
263785 232593
2 1
948734 853432
1 1
990229 897289
849882 832627
1000000 499998
413018 311209
999999 499997
999999 524287
1000000 2
3 1
887904 789710
275043 212621
312992 250265
943245 714472
1000000 340829
490376 382254
1000000 1
999999 262143
500000 127
268840 202471
848805 748844
875192 776485
680252 662552
641961 518141
1000000 524288
1000000 127
1000000 262144
500000 249999
1000000 475713
500000 250000
500000 500000
920217 893008
553832 457479
655438 646852
911371 758316
