100
4 2
5 2
6 2
1000 1000
1000 1
999999 499999
406650 360949
999999 127
500000 1
999999 499998
999999 999998
323296 281610
957486 952428
1000000 455006
500000 128
999999 499997
1000000 2
1000000 475713
500000 499999
806145 709008
1000000 128
360503 326876
773663 588951
637928 513393
1000000 262144
1000000 524287
999999 128
426102 365255
270981 224156
258703 198960
500000 173594
500000 249999
1000000 513034
500000 257096
500000 2
626532 489398
1000000 262143
590254 539547
999999 2
772227 619848
999999 475711
489993 391543
542787 532967
943886 790014
312150 306808
999999 475712
500000 262143
349887 284572
500000 127
999999 524287
4 1
999999 508648
500000 500000
999999 524288
1000000 1
417785 328108
500000 250000
463497 449357
866644 730716
621780 619184
3 2
500000 131071
5 1
999999 262143
500000 131072
795095 719312
1000000 999999
2 1
480762 459916
753080 611918
1000000 499999
616470 469147
402928 355677
627851 603398
564537 546141
2 2
999999 446948
744767 619457
1000000 499998
458871 435672
1000000 127
3 1
637441 629957
500000 249998
626754 504100
327714 290936
999999 262144
1000000 500000
768058 714731
500000 262144
999999 999999
1000000 524288
364583 348812
1000000 475712
999999 1
1000000 1000000
500000 237857
1 1
779535 630675
500000 237856
