100
4 3 12
3 2 1
1 5 2
8 1 1
3 2 30
1 2 27
3 2 1
4 1 11
2 1 2
4 1 5
8 2 2
5 10 5000
14 27 31
27 11 44
30 8 20
2000 4000 3
8 40 783
9 39 6
16 38 63
35 23 118
161 106 1
97 49 11
318 40 299
183 38 16
5 28 521
23 11 328
387 8 9
411 14 109
186 12 13
5 90 4770
1185 30 15
375 75 1590
3030 60 480
2310 1185 90
5 28 104
25 6 8
22 25 13
70 10 2
80 3 24
6 18 869
4 18 238
512 6 4
516 2 236
737 147 4
890 4 3
2 283 1547
206 131 188
8 13 4644
7 13 383
260 128 6
525 3 10
535 4 1
537 3 2
539 3 5
256 9 3
16 10 425
4 8 1
6 3 1
8 6 1
10 9 2
13 7 82
115 10 1
116 4 26
67 37 3
95 13 1
189 6 1
191 2 2
21 11 1
201 4 50
249 167 5
423 7 5
14 15 102
13 11 4
21 9 2
11 24 2
23 15 2
26 12 7
64 14 9
78 6 3
83 9 3
90 10 2
72 10 3
16 8 1
66 11 1
101 9 1
15 9 511
46 4 19
76 9 22
81 7 12
107 155 1
11 5 78
367 7 4
11 9 114
604 5 4
611 3 206
386 25 1
839 2 1
843 9 1
845 2 4
850 6 1
4 102 814
532 3 80
573 28 53
72 22 52
2 248 4518
868 10 20
4 72 1035
45 59 37
66 645 65
578 197 63
14 21 2127
35 2 2
54 3 10
16 13 7
36 23 1
86 8 87
193 13 1
14 14 7
188 198 7
406 16 31
56 20 6
178 10 30
505 15 1
228 3 18
15 9 471
36 4 20
31 10 1
53 11 5
72 3 1
80 3 4
85 6 1
86 9 3
91 3 7
74 8 49
417 2 1
418 7 3
425 7 22
455 7 5
254 11 8
9 215 4730
50 185 150
95 115 290
405 200 5
610 180 2705
4630 15 5
1340 75 150
4810 120 40
2075 235 25
10 18 899
10 11 1
5 16 1
9 13 98
233 16 98
460 16 3
409 19 26
486 89 4
586 16 100
276 202 17
2 140 273
105 44 138
10 12 516
11 7 212
213 42 4
277 10 1
206 12 1
40 39 6
320 12 8
182 7 6
339 9 15
507 6 9
15 9 610
21 2 2
16 12 7
36 5 1
43 2 65
107 61 1
77 2 95
385 6 2
341 10 2
394 4 10
419 6 7
424 52 1
377 2 2
481 5 21
493 112 5
15 25 220
22 14 1
17 7 3
43 19 1
20 47 17
91 16 9
109 9 13
81 16 3
150 24 1
152 22 12
165 6 1
117 10 9
182 8 2
49 1 5
80 18 14
9 64 3076
20 64 36
32 20 8
80 40 428
488 1752 8
2248 56 268
412 208 276
500 72 8
2008 36 24
16 15 4406
2 15 5
1 8 93
57 43 2
137 3 3
150 14 4
98 12 2
160 12 228
381 167 3
248 14 3
419 7 84
166 94 17
745 108 81
952 5 7
887 23 3
430 18 2
13 704 4608
544 224 384
448 288 576
1600 288 256
1184 1056 192
2048 864 96
3008 224 384
3392 448 32
1920 512 352
1120 320 64
2304 352 64
4160 384 96
4256 224 352
8 10 481
44 3 17
53 34 5
85 9 1
95 2 53
444 2 1
144 11 1
84 12 1
3 34 4724
514 2 1
95 20 23
3 162 254
46 157 51
69 96 8
10 44 1498
29 29 20
20 50 37
237 4 4
243 2 25
283 6 5
288 6 3
170 19 13
321 42 2
283 40 19
9 39 824
10 31 21
99 21 2
69 32 30
123 104 10
400 11 21
436 12 230
488 140 17
146 28 34
2 12 4843
8 12 2
4 39 124
8 34 15
28 18 16
14 47 30
5 68 618
52 26 606
720 58 1
686 12 8
680 72 20
11 480 2384
112 480 16
48 96 144
128 288 16
448 256 192
176 608 96
624 368 64
1024 336 16
1504 48 16
496 256 256
1376 432 384
3 88 3387
439 5 161
516 86 74
16 18 636
3 17 2
1 4 2
6 6 146
203 18 1
207 17 1
82 14 44
234 37 31
318 11 3
327 18 4
332 15 97
122 61 6
504 15 7
469 36 30
274 31 7
364 11 8
15 11 639
7 6 4
8 5 65
79 11 2
82 7 189
144 12 2
278 6 6
287 3 76
419 6 1
72 10 1
424 7 36
254 65 25
546 5 62
310 32 2
633 9 6
13 28 833
3 27 19
26 27 9
13 28 4
37 21 2
67 20 2
70 25 6
91 28 608
719 2 4
165 17 3
741 21 6
91 5 1
95 22 2
14 16 709
3 14 32
80 5 1
81 10 28
102 108 7
219 6 5
227 10 6
66 17 10
231 131 11
373 5 7
86 1 9
272 5 6
97 11 119
700 13 9
8 42 954
33 36 2
2 40 9
10 57 10
47 60 1
72 44 2
122 29 439
535 224 24
13 32 3213
20 14 183
188 186 19
334 35 114
546 28 7
103 20 14
289 33 4
478 8 1
161 5 139
481 110 10
466 164 5
985 25 1
1007 6 7
6 72 1060
6 68 7
8 38 158
331 12 19
366 30 85
991 46 69
3 141 194
42 107 19
36 116 25
15 11 454
7 5 1
16 9 2
16 9 5
31 10 1
32 2 80
104 54 5
165 4 2
142 10 69
230 119 5
172 3 5
233 39 9
434 5 4
439 10 1
417 7 9
9 34 3877
95 5 6
86 47 8
47 28 12
47 36 2
193 14 208
515 6 9
355 36 7
64 21 18
3 31 63
26 12 2
22 6 10
6 34 4761
71 4 20
104 25 15
136 16 302
504 7 54
296 245 27
5 5 564
2 5 7
185 2 37
220 335 1
437 5 4
6 6 398
4 5 253
341 6 6
113 38 6
391 3 2
395 3 3
16 12 512
79 5 24
25 23 15
130 87 6
180 40 2
184 10 139
311 7 5
416 8 14
256 86 2
521 8 3
289 18 1
550 12 5
281 5 1
562 9 5
44 40 1
437 12 5
12 10 558
4 10 1
3 62 2
58 9 2
70 6 1
71 8 2
31 16 1
81 3 1
84 2 3
503 7 18
540 10 8
548 6 10
14 7 794
125 3 1
127 4 1
129 3 34
227 4 22
162 10 30
283 7 3
286 6 2
233 5 1
294 5 3
287 5 1
299 6 183
787 4 1
141 8 5
16 8 334
22 3 6
28 6 1
56 7 12
67 99 5
133 10 2
57 7 1
138 8 13
115 74 9
104 23 2
293 4 6
78 6 30
127 39 6
287 8 2
134 5 3
372 3 7
9 18 567
13 18 188
156 29 1
161 18 41
248 65 1
106 11 10
328 6 154
132 67 2
424 14 5
2 3 5
2 2 3
14 17 529
27 3 50
90 15 110
220 13 18
235 40 1
109 14 3
233 11 72
112 39 7
202 25 3
418 15 1
124 3 3
428 11 36
517 12 4
255 14 8
4 7 141
103 2 123
158 31 1
27 5 3
16 17 140
1 18 2
4 15 2
10 3 3
13 10 4
8 19 2
2 2 5
42 15 3
55 16 1
41 22 1
65 12 1
57 22 15
46 7 11
111 5 4
111 10 3
130 5 6
5 795 2703
424 636 212
636 530 477
1113 477 159
1802 371 795
7 380 3770
30 380 1060
1390 180 140
1610 60 30
1650 100 200
1490 380 210
2200 310 350
5 34 4866
17 26 12
33 31 385
384 149 1
540 26 1
5 17 179
8 14 70
70 42 4
25 16 5
34 16 17
13 85 4385
60 30 30
50 415 670
1430 20 235
1690 75 25
1085 25 135
1055 375 15
2230 40 30
2295 80 1695
3115 210 30
4210 45 50
4275 50 15
4310 45 75
16 22 173
11 20 1
3 9 11
28 12 9
36 10 20
66 6 6
56 19 14
78 16 14
27 2 2
65 17 1
118 11 3
49 12 1
126 18 4
52 31 14
162 19 2
164 18 8
3 52 947
1 53 535
918 25 29
16 6 1021
3 4 3
6 4 3
3 3 114
40 40 1
167 5 55
245 5 3
87 2 2
422 6 1
223 5 11
522 3 121
377 87 1
613 9 1
731 6 149
967 2 28
364 21 6
5 28 141
15 15 3
27 24 10
13 40 8
46 17 11
13 40 839
100 2 3
72 32 1
105 28 111
245 9 102
353 7 5
203 40 14
461 36 8
473 17 73
537 222 3
768 9 1
769 3 11
149 60 30
14 18 546
12 15 26
86 8 4
48 3 16
99 122 28
376 10 11
142 78 1
455 5 1
466 12 8
29 18 2
496 3 7
511 2 10
71 4 6
531 10 15
6 69 739
25 58 5
46 19 17
371 18 1
225 7 15
683 60 56
16 494 3800
285 494 95
475 95 38
817 209 38
1121 361 38
1235 437 76
1520 38 19
1558 437 190
1482 266 171
1577 247 285
1330 209 76
2793 209 57
1919 475 209
2223 475 152
3325 76 285
3306 399 95
14 28 991
27 19 12
11 29 6
34 26 10
49 30 20
106 3 13
239 12 46
303 16 4
248 12 254
440 112 2
500 8 13
696 24 91
818 25 4
827 15 16
6 22 1898
216 2 9
130 11 12
467 12 25
201 20 67
400 12 12
4 15 131
9 13 54
107 15 8
117 6 14
13 7 410
6 7 99
200 7 4
32 2 1
101 10 4
144 1 68
323 7 18
397 5 1
135 3 3
147 7 25
447 5 1
241 8 48
94 57 4
2 18 798
771 2 11
10 20 98
13 19 4
30 8 16
48 6 1
50 16 1
37 14 11
42 23 8
76 5 3
80 20 2
82 7 12
7 6 875
5 7 2
3 5 4
13 2 742
868 6 1
424 1 2
871 2 4
3 15 2777
39 3 3
42 10 4
7 46 729
75 2 136
267 26 6
180 53 7
312 31 85
488 21 52
724 9 5
16 19 806
18 11 9
61 16 2
45 18 7
60 5 3
59 26 38
121 279 15
436 8 4
337 15 61
442 57 8
310 15 11
569 24 3
607 6 16
445 18 53
710 16 71
799 2 7
11 39 889
53 2 26
43 38 24
182 39 17
185 92 2
283 6 24
147 20 16
340 17 21
327 488 5
303 31 17
858 36 31
14 19 1012
4 19 5
11 7 90
320 18 15
345 15 10
356 7 3
102 9 2
168 18 187
312 76 2
380 25 34
719 14 5
726 14 8
493 7 167
993 12 19
14 184 4776
112 184 288
296 200 184
312 256 24
288 152 1840
3200 96 152
288 240 32
3432 368 8
1288 112 56
3392 208 24
4048 48 56
3080 120 32
1776 128 48
2832 1408 104
6 48 803
18 32 99
536 29 38
584 12 36
206 62 48
108 39 31
8 43 934
27 37 275
299 188 107
502 81 1
90 12 147
837 14 2
828 22 12
862 16 35
8 6 433
3 4 1
1 1 91
92 79 22
187 46 24
277 6 68
347 6 77
141 10 2
10 4 313
1 4 62
62 22 158
185 53 1
224 2 1
289 4 2
16 3 1
296 2 1
120 3 1
116 3 3
16 12 3552
426 12 201
699 9 9
708 9 24
738 9 33
1008 9 42
732 15 93
408 105 135
654 12 3
1392 9 3
1401 6 474
1698 168 3
453 15 3
2046 12 6
150 3 195
1293 471 3
16 32 1000
13 24 42
59 10 8
64 24 48
56 21 8
81 46 4
199 11 20
230 2 20
405 16 19
429 23 13
451 11 2
240 22 13
84 30 121
772 23 5
428 27 116
945 24 20
4 103 1857
450 4 22
147 124 43
851 46 82
3 9 2165
220 4 138
446 9 1
13 11 843
199 4 3
116 21 6
228 7 5
223 186 2
412 3 1
26 13 179
157 8 17
260 175 5
792 10 34
833 3 2
839 3 2
841 9 2
2 134 232
105 35 110
12 8 531
49 5 1
26 3 2
32 8 7
63 3 1
59 5 6
71 7 320
422 4 4
170 51 2
520 2 3
56 10 1
516 4 3
16 12 1046
1 13 11
14 9 7
38 5 84
167 5 141
296 51 11
175 22 60
448 4 1
39 16 10
463 242 1
620 11 2
710 7 129
972 12 42
1020 6 5
835 12 5
341 11 12
5 1032 4200
360 696 408
888 768 432
504 1176 48
2016 192 432
