100
4 3 12
3 2 1
1 5 2
8 1 1
3 2 30
1 2 27
3 2 1
4 1 11
2 1 2
4 1 5
8 2 2
5 10 5000
14 27 31
27 11 44
30 8 20
2000 4000 3
13 30 691
14 17 17
15 17 24
39 152 1
202 23 27
67 18 10
40 29 3
260 17 22
287 11 51
316 331 1
648 25 10
209 42 9
680 13 11
10 19 1527
6 14 8
42 8 188
332 8 41
136 116 33
57 56 3
583 5 6
493 14 80
874 2 5
157 11 1
8 11 413
13 3 1
6 8 15
361 2 3
307 10 2
278 7 1
15 5 1
371 10 11
7 600 2070
180 495 270
765 270 75
975 375 30
375 195 150
810 885 45
480 330 270
16 50 1774
2 52 16
14 122 10
132 24 20
190 30 10
160 48 10
154 36 14
56 30 36
282 214 234
272 34 4
190 16 248
216 128 168
1348 14 2
1350 24 284
938 134 2
1766 12 8
7 17 3378
76 2 41
134 5 9
48 16 277
417 420 13
400 31 9
879 13 6
13 10 867
199 4 1
203 4 119
405 8 76
291 26 3
126 8 60
591 7 105
428 89 14
769 6 5
340 12 18
828 8 10
839 6 4
265 5 6
4 92 4808
88 84 4
10 82 226
298 480 48
6 23 495
132 3 6
146 16 132
460 9 19
479 18 2
285 14 14
16 7 1724
2 7 4
8 6 2
10 2 3
7 7 1
12 4 94
105 193 20
229 4 2
83 9 100
92 41 1
464 3 1
465 3 3
468 7 29
606 2 1
607 5 2
441 7 2
4 93 851
188 3 6
275 78 386
739 92 26
3 115 2031
79 82 436
432 410 87
7 38 555
12 35 20
27 20 124
139 86 171
129 118 3
511 12 2
89 43 36
15 34 944
12 33 5
2 31 129
150 149 102
418 12 10
434 25 6
276 24 1
679 20 5
687 18 2
447 22 22
719 10 2
724 18 232
988 15 3
320 40 15
351 18 7
16 12 1214
18 3 51
58 39 1
89 14 21
116 107 1
150 5 12
132 51 1
15 4 3
293 11 118
514 7 47
664 9 5
477 7 1
360 9 9
686 7 78
752 312 40
1211 3 3
4 1920 3008
960 1792 128
96 1056 128
1280 1728 1024
4 7 16
4 4 2
1 6 1
10 4 5
16 8 3682
2 8 9
65 2 1
52 5 3
71 5 2
22 8 285
369 4 2
372 3 3
251 4 1
88 3 2
287 2 134
256 18 2
528 6 73
97 6 2
406 10 15
193 61 8
6 58 1224
39 55 21
90 21 172
730 51 2
171 59 316
1125 46 50
2 201 2186
53 192 172
16 24 212
5 24 6
4 11 5
30 19 8
25 12 2
30 23 2
55 11 1
60 21 17
38 22 11
94 7 13
109 7 3
61 35 9
116 17 19
66 4 6
132 12 8
202 10 10
6 49 352
31 31 10
36 17 19
290 12 2
95 33 10
256 80 16
10 14 75
4 15 5
6 4 4
22 6 5
35 9 1
37 4 8
50 3 1
15 6 1
28 16 1
62 14 13
9 36 854
14 27 6
2 21 4
8 26 20
35 17 29
66 267 63
457 12 14
474 25 258
468 48 20
13 21 612
43 4 28
92 14 1
34 12 147
251 5 4
255 8 2
257 15 46
373 17 17
392 14 68
493 8 2
236 24 4
518 7 7
305 29 16
11 37 184
13 27 12
35 24 1
6 31 6
13 51 3
85 28 15
112 32 17
104 34 5
45 8 1
89 31 1
156 11 16
5 39 2720
155 5 144
282 45 11
351 29 85
689 16 31
5 13 274
75 5 97
88 80 1
194 14 6
180 17 3
3 176 527
6 173 18
161 159 151
3 159 530
153 106 121
185 110 110
5 76 576
58 65 22
97 50 273
342 203 162
687 159 30
10 165 3513
63 138 24
630 42 78
771 129 45
840 87 18
897 69 15
435 81 24
456 36 18
1071 72 291
3369 102 144
7 21 622
52 2 46
92 117 101
356 12 9
350 41 59
525 15 65
578 29 15
14 24 1025
15 15 6
19 7 35
69 16 27
230 3 2
189 22 55
524 15 2
405 33 7
548 3 12
314 28 58
609 278 6
902 22 34
994 11 4
381 35 14
3 53 566
471 5 15
232 68 48
16 6 2139
3 4 1
4 2 131
70 30 1
16 5 2
29 4 1
140 7 44
101 12 2
223 4 1
93 9 138
69 49 3
418 4 10
469 4 25
495 4 3
357 3 4
217 1 6
16 20 1026
67 2 2
35 23 187
269 16 17
162 2 1
99 7 17
287 20 37
362 9 63
295 24 3
443 18 61
373 25 133
318 67 12
734 13 11
748 12 10
760 9 57
853 5 2
5 70 913
82 5 28
137 5 15
155 64 449
559 219 69
7 4 467
2 3 2
2 2 3
4 3 2
287 3 3
290 4 119
405 60 2
15 17 158
14 16 5
4 24 2
38 7 4
44 16 2
51 10 8
64 8 1
66 7 1
81 3 3
50 12 6
92 15 12
108 10 3
57 12 10
42 18 6
43 14 11
5 109 2171
56 77 476
612 44 5
620 75 58
727 24 101
16 52 1684
44 16 4
48 28 8
84 12 48
108 316 12
84 28 100
384 60 28
584 28 276
848 176 308
504 164 8
1604 24 24
1664 32 16
456 12 16
1304 36 224
1732 32 8
1956 20 32
16 63 546
21 63 42
21 21 21
84 63 21
63 42 21
84 63 21
168 63 21
105 42 42
231 42 21
252 63 21
231 63 42
336 42 21
294 42 42
84 21 21
378 84 42
126 63 21
9 30 1290
22 14 464
468 196 4
74 18 88
730 256 2
976 12 6
850 32 6
1036 30 24
1038 242 10
12 4 692
52 5 26
32 11 1
89 4 44
237 2 2
50 1 38
273 159 1
169 5 143
680 3 3
302 3 1
520 5 1
118 5 4
5 17 300
212 5 6
194 12 12
230 13 8
242 12 9
14 7 61
6 8 3
7 5 6
12 6 5
23 7 6
17 3 1
31 4 1
12 3 1
35 2 2
40 7 1
44 6 5
29 5 5
27 4 3
44 7 1
12 13 904
49 2 14
66 8 3
53 14 3
44 1 383
540 13 2
542 5 58
432 162 5
765 5 73
851 4 9
871 11 1
12 10 2
5 249 759
231 105 18
36 255 6
309 87 18
249 132 138
6 22 273
72 2 8
41 23 93
379 19 1
73 19 16
416 14 15
13 35 1280
201 4 34
45 19 76
322 7 6
332 20 8
164 43 12
398 7 1
404 4 7
225 163 114
669 32 7
678 27 129
539 121 115
1069 27 26
10 196 1760
48 188 48
64 84 204
552 52 36
124 36 60
712 72 8
620 116 4
904 148 40
996 72 8
1028 124 132
9 82 4626
602 4 6
328 76 28
668 68 22
708 76 542
572 80 40
1214 92 2
848 60 8
1458 66 64
3 81 302
135 4 73
155 270 56
12 4 957
2 3 1
1 3 1
6 4 100
244 3 6
92 12 1
262 3 14
272 184 32
548 4 1
476 5 2
554 2 88
320 318 1
16 11 2465
5 7 49
92 11 50
191 10 1
219 5 3
214 14 3
231 9 14
355 10 48
405 4 52
306 15 52
550 3 1
212 111 4
295 4 146
800 248 1
1058 9 45
843 84 9
3 20 556
5 17 2
3 4 11
11 120 3375
25 120 685
605 110 5
90 40 495
915 270 10
1005 195 35
535 195 440
925 390 155
3275 75 35
3310 50 5
2745 10 60
14 3 657
2 4 1
4 3 1
2 3 2
7 2 1
8 2 1
7 2 131
137 131 10
157 24 1
209 3 1
112 4 83
242 144 41
626 2 20
655 2 2
6 13 38
12 2 1
15 11 2
26 6 1
28 8 1
5 2 9
5 285 2469
693 12 3
408 21 78
813 243 309
2298 117 171
8 42 838
47 2 6
35 18 134
335 40 4
342 13 22
375 39 79
437 219 51
815 33 23
8 17 4310
158 4 3
164 8 50
231 9 14
278 9 6
25 8 201
535 3 82
222 13 5
13 39 1120
309 3 3
117 9 19
323 2 8
345 16 21
330 144 5
379 64 34
490 42 7
50 43 218
1020 2 36
376 39 8
1104 32 2
336 30 4
2 34 835
241 2 22
13 37 853
22 22 3
8 48 68
244 6 1
327 25 1
328 22 39
242 98 33
302 10 2
485 20 1
162 25 140
724 6 8
758 7 116
486 76 36
14 15 888
11 12 6
21 10 11
35 4 7
21 9 1
50 12 51
86 339 12
440 3 101
549 3 12
335 18 43
59 45 4
171 22 6
668 3 79
297 147 3
4 8 413
400 2 3
403 6 2
408 2 1
8 11 33
5 9 2
4 3 1
2 6 1
12 4 1
2 13 1
20 3 1
17 4 10
15 9 831
1 10 2
3 7 6
10 6 190
407 8 1
408 9 5
415 2 24
546 2 13
593 7 1
594 2 1
595 3 21
413 97 3
318 3 3
198 3 15
830 7 1
13 11 71
8 12 3
6 10 1
14 2 1
12 3 2
26 4 2
19 14 3
36 11 1
25 8 1
43 11 2
35 14 1
40 16 2
33 14 3
12 5 496
3 3 2
5 2 74
221 3 1
7 4 3
241 2 6
265 2 1
266 4 2
114 6 6
271 185 1
262 5 15
261 21 4
14 15 577
9 10 28
64 14 2
73 13 2
84 5 1
20 19 4
63 14 120
301 15 22
337 5 1
39 17 2
248 10 2
161 22 71
507 8 53
563 7 14
4 30 400
28 16 276
372 19 3
319 22 4
15 4 676
28 3 2
10 2 3
24 3 57
89 136 3
231 3 1
41 4 145
70 18 93
483 176 1
660 3 31
594 31 2
457 4 52
559 53 11
887 3 33
938 4 1
4 357 3626
1953 35 448
2149 1029 63
3318 112 203
9 37 4717
34 6 8
50 9 62
92 37 1
130 2 3
148 13 3
62 56 24
110 31 4
238 37 32
3 82 82
29 68 16
20 48 80
8 6 597
66 3 2
69 4 177
244 23 2
112 26 1
296 6 195
489 101 1
227 4 6
12 38 796
7 32 19
1 137 8
146 31 7
153 21 210
302 55 7
428 17 8
457 17 20
753 35 3
763 18 10
353 25 1
645 48 7
15 14 514
5 15 3
7 10 16
26 90 7
125 6 2
67 2 3
135 5 139
103 23 5
294 5 33
82 15 2
244 5 30
190 55 10
421 5 3
337 15 42
144 45 10
6 70 251
28 60 26
8 54 47
80 46 3
86 53 56
127 12 7
6 21 690
10 19 1
9 2 1
14 10 366
379 285 1
575 24 19
6 36 2046
116 3 12
156 19 4
178 31 4
48 4 241
475 15 2
11 35 676
127 3 1
64 32 2
135 14 2
88 33 5
40 15 3
166 12 3
170 32 48
192 274 45
597 32 2
600 9 23
11 50 778
126 5 5
108 14 7
148 12 1
151 32 3
154 37 15
138 56 92
148 104 1
59 30 92
491 44 31
523 2 47
8 42 607
7 39 26
200 16 11
239 32 5
261 15 190
535 38 4
344 25 20
29 16 34
12 49 3572
152 1 57
291 36 308
600 35 19
458 42 7
642 19 43
686 4 19
823 22 6
423 44 85
1014 46 36
1132 11 4
538 50 39
2 54 3503
648 5 40
16 102 3750
42 102 156
144 270 6
336 132 18
174 126 180
984 18 54
1050 48 390
1608 102 6
1644 12 30
1686 90 12
1698 90 468
2190 78 42
1584 96 480
3120 84 78
3636 12 30
3696 36 54
5 348 3678
816 12 12
828 42 1032
372 162 936
2016 780 102
7 22 661
9 22 81
229 18 13
191 33 47
79 68 3
358 20 136
649 5 12
5 38 110
22 27 4
14 6 15
5 45 2
16 67 25
16 10 508
2 10 3
3 3 29
28 162 1
188 6 48
233 163 6
293 10 1
247 74 4
222 9 2
160 2 3
479 5 43
576 8 28
598 51 3
562 16 23
51 8 6
472 43 8
3 61 174
118 5 23
89 88 29
14 24 201
18 9 3
20 19 10
36 23 8
79 3 12
37 20 11
119 11 1
129 22 3
135 18 5
154 4 3
34 14 2
148 17 20
24 23 8
199 17 2
