20
2 3 1 1 1 1 1 1 5
1 1 2 2 2 2 2 2 5
10 1 463 874 793 807 502 192 463
10 3025 769 299 46 83 774 647 506
10 10 451 386 27 427 946 414 49
10 3000 283 287 235 629 611 772 788
10 1 657 43 206 58 866 167 933
10 3025 81 888 187 535 727 140 994
10 10 420 190 639 459 662 409 966
10 3000 299 914 440 174 735 782 946
200 1 502 492 723 626 403 820 616
200 100000 488 400 161 747 982 429 993
200 50000 782 199 102 594 592 433 964
200 10 814 396 136 951 389 905 659
200 99990 639 131 111 485 91 135 987
200 50000 604 154 0 0 515 631 970
200 98606 303 517 802 0 279 62 933
200 98209 576 958 0 110 869 441 963
200 50091 903 749 618 0 990 154 998
200 50033 792 795 0 684 30 777 993
