100
1 1
540 600
840 900
2 0
900 1260
180 540
1 1
1439 1440
0 1
1 1
652 678
926 1440
0 1
1109 1440
0 2
1095 1440
870 894
2 0
898 1440
804 898
2 0
1080 1430
11 361
0 2
1333 1440
928 1333
2 0
1132 1359
589 767
1 1
931 1440
92 115
0 2
821 958
691 804
2 0
1184 1440
983 1089
0 2
641 717
1203 1242
0 2
912 991
396 912
0 2
3 18
1339 1440
2 0
967 1040
1172 1440
0 2
1329 1440
1249 1329
2 0
191 287
739 1020
2 0
1079 1429
0 360
2 0
1130 1192
1192 1440
2 0
1297 1384
687 1297
0 2
1138 1366
723 724
0 2
1342 1440
980 1342
0 2
720 1034
1355 1440
2 0
582 996
545 582
0 2
662 1089
377 662
0 2
11 361
1080 1440
0 2
1227 1440
860 1227
2 0
792 1245
1245 1440
0 2
1351 1440
1165 1351
1 1
942 1031
1031 1440
0 2
541 901
180 540
0 2
688 904
231 688
0 1
1009 1440
0 2
0 1
1439 1440
2 0
196 357
357 381
2 0
1222 1440
1038 1222
0 2
558 612
857 1257
0 2
1080 1440
10 360
2 0
1353 1440
1181 1353
2 0
1015 1149
1149 1440
2 0
0 360
1080 1430
0 2
397 692
692 1044
1 1
778 1084
536 778
0 2
877 1440
813 877
2 0
172 225
225 336
0 2
162 289
1274 1440
2 0
779 1061
1061 1435
0 2
1289 1440
342 603
0 2
1149 1348
12 245
0 2
1421 1440
1409 1421
2 0
523 610
610 720
0 2
118 241
241 395
0 2
1381 1440
927 1381
0 2
454 1040
411 425
1 1
1238 1440
91 384
2 0
594 786
575 594
0 2
668 680
487 668
1 1
0 1
1439 1440
1 0
150 818
2 0
260 396
495 835
0 2
940 1008
1008 1440
2 0
1080 1430
10 360
0 2
1166 1345
1345 1440
0 2
1422 1440
1275 1422
2 0
1130 1440
900 1083
0 2
853 1069
1069 1335
2 0
10 360
1079 1429
1 1
823 1440
806 823
0 1
528 759
0 1
751 912
0 1
17 472
2 0
632 1014
358 632
0 1
1296 1440
2 0
1399 1440
1221 1338
2 0
23 419
1294 1440
1 1
435 656
387 435
2 0
1399 1440
1366 1399
1 0
1132 1440
1 1
714 860
381 592
1 0
986 1440
1 1
786 973
997 1018
2 0
498 600
600 750
0 1
1247 1440
0 2
1161 1328
557 653
0 2
1067 1216
1216 1440
0 2
180 540
540 900
2 0
0 1
1439 1440
0 2
57 270
270 296
2 0
152 438
438 826
0 1
882 1060
0 2
1327 1351
1351 1440
0 2
1251 1440
972 1251
0 2
677 909
1282 1440
0 2
1080 1440
0 360
0 2
414 488
903 1220
0 2
179 539
540 900
0 1
30 609
2 0
1337 1440
1031 1123
